0.125 248.05 0
0.124982463757773 248.0502134423988 0.02
0.1249670121659545 248.0502134423988 0.04
0.1249522511746241 248.0502134423988 0.06
0.1249377155309657 248.0502134423988 0.08
0.1249232497710163 248.0502134423988 0.1
0.1249088017045067 248.0502134423988 0.12
0.1248943535566554 248.0502134423988 0.14
0.1248798990095857 248.0502134423988 0.16
0.1248654355471247 248.0502134423988 0.18
0.1248509619086344 248.0502134423988 0.2
0.1248364772439432 248.0502134423988 0.22
0.1248219808325012 248.0502134423988 0.24
0.1248074719902323 248.0502134423988 0.26
0.1247929500378287 248.0502134423988 0.28
0.1247784142891791 248.0502134423988 0.3
0.1247638640447368 248.0502134423988 0.32
0.1247492985904328 248.0502134423988 0.34
0.1247347171973053 248.0502134423988 0.36
0.1247201191213564 248.0502134423988 0.3800000000000001
0.1247055036031117 248.0502134423988 0.4000000000000001
0.1246908698671612 248.0502134423988 0.4200000000000001
0.1246762171202293 248.0502134423988 0.4400000000000001
0.124661544551864 248.0502134423988 0.4600000000000001
0.1246468513332829 248.0502134423988 0.4800000000000001
0.1246321366163323 248.0502134423988 0.5000000000000001
0.1246173995354747 248.0502134423988 0.5200000000000001
0.124602639205245 248.0502134423988 0.5400000000000001
0.1245878547214794 248.0502134423988 0.5600000000000002
0.1245730451600304 248.0502134423988 0.5800000000000002
0.1245582095763518 248.0502134423988 0.6000000000000002
0.1245433470034618 248.0502134423988 0.6200000000000002
0.1245284564558267 248.0502134423988 0.6400000000000002
0.1245135369257516 248.0502134423988 0.6600000000000003
0.1244985873854849 248.0502134423988 0.6800000000000003
0.1244836067838467 248.0502134423988 0.7000000000000003
0.1244685940493484 248.0502134423988 0.7200000000000003
0.124453548087876 248.0502134423988 0.7400000000000003
0.1244384677841689 248.0502134423988 0.7600000000000003
0.1244233520012895 248.0502134423988 0.7800000000000004
0.1244081995803989 248.0502134423988 0.8000000000000004
0.1243930093387175 248.0502134423988 0.8200000000000004
0.1243777800725027 248.0502134423988 0.8400000000000004
0.1243625105554567 248.0502134423988 0.8600000000000004
0.1243471995387256 248.0502134423988 0.8800000000000004
0.1243318457525296 248.0502134423988 0.9000000000000005
0.1243164479017905 248.0502134423988 0.9200000000000005
0.124301004671566 248.0502134423988 0.9400000000000005
0.1242855147249248 248.0502134423988 0.9600000000000005
0.1242699767018458 248.0502134423988 0.9800000000000005
0.1242543892206159 248.0502134423988 1
0.1242387508751041 248.0502134423988 1.02
0.1242230602380483 248.0502134423988 1.04
0.1242073158637071 248.0502134423988 1.06
0.1241915162829944 248.0502134423988 1.080000000000001
0.1241756600036005 248.0502134423988 1.100000000000001
0.1241597455136706 248.0502134423988 1.120000000000001
0.1241437712788293 248.0502134423988 1.140000000000001
0.1241277357440838 248.0502134423988 1.160000000000001
0.1241116373311081 248.0502134423988 1.180000000000001
0.1240954744434662 248.0502134423988 1.200000000000001
0.1240792454648015 248.0502134423988 1.220000000000001
0.124062948755269 248.0502134423988 1.240000000000001
0.1240465826543315 248.0502134423988 1.260000000000001
0.1240301454809475 248.0502134423988 1.280000000000001
0.1240136355351353 248.0502134423988 1.300000000000001
0.1239970510980509 248.0502134423988 1.320000000000001
0.1239803904297139 248.0502134423988 1.340000000000001
0.1239636517660633 248.0502134423988 1.360000000000001
0.1239468333254028 248.0502134423988 1.380000000000001
0.123929933308502 248.0502134423988 1.400000000000001
0.1239129498953751 248.0502134423988 1.420000000000001
0.1238958812473301 248.0502134423988 1.440000000000001
0.1238787255008797 248.0502134423988 1.460000000000001
0.1238614807766797 248.0502134423988 1.480000000000001
0.1238441451776505 248.0502134423988 1.500000000000001
0.1238267167862617 248.0502134423988 1.520000000000001
0.1238091936656384 248.0502134423988 1.540000000000001
0.12379157385774 248.0502134423988 1.560000000000001
0.1237738553868299 248.0502134423988 1.580000000000001
0.123756036258052 248.0502134423988 1.600000000000001
0.1237381144571091 248.0502134423988 1.620000000000001
0.1237200879495137 248.0502134423988 1.640000000000001
0.1237019546792529 248.0502134423988 1.660000000000001
0.123683712569967 248.0502134423988 1.680000000000001
0.1236653595297749 248.0502134423988 1.700000000000001
0.1236468934486553 248.0502134423988 1.720000000000001
0.1236283121926685 248.0502134423988 1.740000000000001
0.1236096136102836 248.0502134423988 1.760000000000001
0.1235907955249755 248.0502134423988 1.780000000000001
0.1235718557417934 248.0502134423988 1.800000000000001
0.1235527920535586 248.0502134423988 1.820000000000001
0.1235336022286502 248.0502134423988 1.840000000000001
0.1235142840139588 248.0502134423988 1.860000000000001
0.1234948351297915 248.0502134423988 1.880000000000001
0.1234752532698611 248.0502134423988 1.900000000000001
0.123455536113716 248.0502134423988 1.920000000000001
0.1234356813246001 248.0502134423988 1.940000000000001
0.123415686537856 248.0502134423988 1.960000000000001
0.1233955493711025 248.0502134423988 1.980000000000001
0.1233752674161049 248.0502134423988 2.000000000000001
0.1233548382359387 248.0502134423988 2.020000000000001
0.1233342593805671 248.0502134423988 2.040000000000001
0.1233135283795429 248.0502134423988 2.060000000000001
0.123292642733769 248.0502134423988 2.080000000000001
0.1232715999183512 248.0502134423988 2.100000000000001
0.1232503973818478 248.0502134423988 2.120000000000001
0.1232290325350238 248.0502134423988 2.140000000000001
0.1232075027743576 248.0502134423988 2.160000000000001
0.1231858054843396 248.0502134423988 2.180000000000001
0.1231639380191793 248.0502134423988 2.200000000000002
0.1231418977011575 248.0502134423988 2.220000000000002
0.1231196818194744 248.0502134423988 2.240000000000002
0.123097287630995 248.0502134423988 2.260000000000002
0.1230747123686784 248.0502134423988 2.280000000000002
0.1230519532474248 248.0502134423988 2.300000000000002
0.1230290074506496 248.0502134423988 2.320000000000002
0.1230058721345811 248.0502134423988 2.340000000000002
0.1229825444113103 248.0502134423988 2.360000000000002
0.1229590213694978 248.0502134423988 2.380000000000002
0.122935300075697 248.0502134423988 2.400000000000002
0.122911377557048 248.0502134423988 2.420000000000002
0.1228872508211918 248.0502134423988 2.440000000000002
0.1228629168227998 248.0502134423988 2.460000000000002
0.1228383724712657 248.0502134423988 2.480000000000002
0.1228136146572071 248.0502134423988 2.500000000000002
0.1227886402383738 248.0502134423988 2.520000000000002
0.1227634460427681 248.0502134423988 2.540000000000002
0.1227380288483656 248.0502134423988 2.560000000000002
0.1227123853887127 248.0502134423988 2.580000000000002
0.1226865123801878 248.0502134423988 2.600000000000002
0.1226604064931021 248.0502134423988 2.620000000000002
0.1226340643437522 248.0502134423988 2.640000000000002
0.1226074824744482 248.0502134423988 2.660000000000002
0.1225806574072864 248.0502134423988 2.680000000000002
0.122553585610863 248.0502134423988 2.700000000000002
0.1225262635303378 248.0502134423988 2.720000000000002
0.1224986875526828 248.0502134423988 2.740000000000002
0.1224708540170379 248.0502134423988 2.760000000000002
0.1224427591979721 248.0502134423988 2.780000000000002
0.1224143993004992 248.0502134423988 2.800000000000002
0.1223857704966235 248.0502134423988 2.820000000000002
0.1223568688731391 248.0502134423988 2.840000000000002
0.122327690431746 248.0502134423988 2.860000000000002
0.1222982310622056 248.0502134423988 2.880000000000002
0.1222684865769134 248.0502134423988 2.900000000000002
0.1222384527563785 248.0502134423988 2.920000000000002
0.1222081253235158 248.0502134423988 2.940000000000002
0.1221774999226435 248.0502134423988 2.960000000000002
0.1221465721313638 248.0502134423988 2.980000000000002
0.1221153374693909 248.0502134423988 3.000000000000002
0.1220837913834872 248.0502134423988 3.020000000000002
0.1220519292447655 248.0502134423988 3.040000000000002
0.1220197460180759 248.0502134423988 3.060000000000002
0.1219872363161998 248.0502134423988 3.080000000000002
0.1219543947890647 248.0502134423988 3.100000000000002
0.1219212160544346 248.0502134423988 3.120000000000002
0.1218876946997733 248.0502134423988 3.140000000000002
0.1218538251679402 248.0502134423988 3.160000000000002
0.1218196017522977 248.0502134423988 3.180000000000002
0.1217850186206754 248.0502134423988 3.200000000000002
0.1217500696573971 248.0502134423988 3.220000000000002
0.121714748269123 248.0502134423988 3.240000000000002
0.1216790476646121 248.0502134423988 3.260000000000002
0.1216429609342677 248.0502134423988 3.280000000000002
0.1216064809638623 248.0502134423988 3.300000000000002
0.1215696004119841 248.0502134423988 3.320000000000003
0.1215323116813536 248.0502134423988 3.340000000000003
0.12149460673568 248.0502134423988 3.360000000000003
0.1214564771486931 248.0502134423988 3.380000000000003
0.1214179140513138 248.0502134423988 3.400000000000003
0.1213789082527191 248.0502134423988 3.420000000000003
0.1213394502021291 248.0502134423988 3.440000000000003
0.1212995299341483 248.0502134423988 3.460000000000003
0.1212591371043406 248.0502134423988 3.480000000000003
0.1212182608350902 248.0502134423988 3.500000000000003
0.1211768897315972 248.0502134423988 3.520000000000003
0.1211350119576534 248.0502134423988 3.540000000000003
0.1210926151306592 248.0502134423988 3.560000000000003
0.1210496863029318 248.0502134423988 3.580000000000003
0.1210062118993896 248.0502134423988 3.600000000000003
0.1209621777259998 248.0502134423988 3.620000000000003
0.1209175689427336 248.0502134423988 3.640000000000003
0.120872370065912 248.0502134423988 3.660000000000003
0.1208265649894135 248.0502134423988 3.680000000000003
0.120780136939517 248.0502134423988 3.700000000000003
0.1207330684780632 248.0502134423988 3.720000000000003
0.1206853415344877 248.0502134423988 3.740000000000003
0.1206369373766158 248.0502134423988 3.760000000000003
0.1205878365091014 248.0502134423988 3.780000000000003
0.1205380188351385 248.0502134423988 3.800000000000003
0.1204874636677107 248.0502134423988 3.820000000000003
0.1204361498166755 248.0502134423988 3.840000000000003
0.1203840554445545 248.0502134423988 3.860000000000003
0.1203311581213617 248.0502134423988 3.880000000000003
0.1202774348249469 248.0502134423988 3.900000000000003
0.1202228620682232 248.0502134423988 3.920000000000003
0.1201674159248701 248.0502134423988 3.940000000000003
0.1201110720844192 248.0502134423988 3.960000000000003
0.1200538059584581 248.0502134423988 3.980000000000003
0.1199955926895412 248.0502134423988 4.000000000000003
0.1199364072910102 248.0502134423988 4.020000000000002
0.1198762249568621 248.0502134423988 4.040000000000002
0.1198150206023231 248.0502134423988 4.060000000000001
0.1197527692445654 248.0502134423988 4.080000000000001
0.1196894459079127 248.0502134423988 4.100000000000001
0.1196250254124034 248.0502134423988 4.12
0.1195594826896264 248.0502134423988 4.14
0.1194927927962158 248.0502134423988 4.159999999999999
0.1194249311915089 248.0502134423988 4.179999999999999
0.1193558737977938 248.0502134423988 4.199999999999998
0.1192855965779858 248.0502134423988 4.219999999999998
0.1192140764452759 248.0502134423988 4.239999999999998
0.1191412900521858 248.0502134423988 4.259999999999997
0.1190672137503688 248.0502134423988 4.279999999999997
0.1189918247296307 248.0502134423988 4.299999999999996
0.1189151013934591 248.0502134423988 4.319999999999996
0.1188370228211927 248.0502134423988 4.339999999999995
0.1187575693348735 248.0502134423988 4.359999999999995
0.11867672112701 248.0502134423988 4.379999999999995
0.1185944597225386 248.0502134423988 4.399999999999994
0.1185107675395905 248.0502134423988 4.419999999999994
0.1184256309804103 248.0502134423988 4.439999999999993
0.1183390389559468 248.0502134423988 4.459999999999993
0.1182509822437988 248.0502134423988 4.479999999999992
0.1181614545164154 248.0502134423988 4.499999999999992
0.1180704539822523 248.0502134423988 4.519999999999992
0.1179779820113577 248.0502134423988 4.539999999999991
0.1178840438316237 248.0502134423988 4.559999999999991
0.1177886470674852 248.0502134423988 4.57999999999999
0.1176918047583962 248.0502134423988 4.59999999999999
0.1175935331530107 248.0502134423988 4.619999999999989
0.1174938541484373 248.0502134423988 4.639999999999989
0.1173927916075566 248.0502134423988 4.659999999999989
0.1172903731536604 248.0502134423988 4.679999999999988
0.1171866299129399 248.0502134423988 4.699999999999988
0.1170815959479927 248.0502134423988 4.719999999999987
0.1169753049310472 248.0502134423988 4.739999999999987
0.1168677918859756 248.0502134423988 4.759999999999986
0.1167590941720765 248.0502134423988 4.779999999999986
0.1166492495486096 248.0502134423988 4.799999999999986
0.1165382963011592 248.0502134423988 4.819999999999985
0.1164262716762213 248.0502134423988 4.839999999999985
0.1163132129318445 248.0502134423988 4.859999999999984
0.1161991563981145 248.0502134423988 4.879999999999984
0.1160841382432063 248.0502134423988 4.899999999999983
0.1159681946053478 248.0502134423988 4.919999999999983
0.1158513615611006 248.0502134423988 4.939999999999983
0.115733674063745 248.0502134423988 4.959999999999982
0.1156151674561506 248.0502134423988 4.979999999999982
0.1154958775495195 248.0502134423988 4.999999999999981
0.1153758389272395 248.0502134423988 5.019999999999981
0.1152550844912086 248.0502134423988 5.03999999999998
0.1151336474343242 248.0502134423988 5.05999999999998
0.1150115598362797 248.0502134423988 5.07999999999998
0.1148888523217264 248.0502134423988 5.099999999999979
0.1147655532892758 248.0502134423988 5.119999999999979
0.1146416892999675 248.0502134423988 5.139999999999978
0.1145172843972194 248.0502134423988 5.159999999999978
0.1143923609081799 248.0502134423988 5.179999999999978
0.1142669410018228 248.0502134423988 5.199999999999977
0.1141410443051632 248.0502134423988 5.219999999999977
0.1140146873287085 248.0502134423988 5.239999999999976
0.1138878854195187 248.0502134423988 5.259999999999976
0.113760652166267 248.0502134423988 5.279999999999975
0.1136329997316068 248.0502134423988 5.299999999999975
0.1135049384939982 248.0502134423988 5.319999999999975
0.1133764772355567 248.0502134423988 5.339999999999974
0.1132476232157689 248.0502134423988 5.359999999999974
0.1131183826253748 248.0502134423988 5.379999999999973
0.1129887612937069 248.0502134423988 5.399999999999973
0.1128587638324399 248.0502134423988 5.419999999999972
0.1127283931281263 248.0502134423988 5.439999999999972
0.1125976505641764 248.0502134423988 5.459999999999972
0.1124665368472493 248.0502134423988 5.479999999999971
0.1123350521833579 248.0502134423988 5.499999999999971
0.1122031960038134 248.0502134423988 5.51999999999997
0.1120709662997257 248.0502134423988 5.53999999999997
0.1119383598995291 248.0502134423988 5.559999999999969
0.1118053727268332 248.0502134423988 5.579999999999969
0.111671999437362 248.0502134423988 5.599999999999969
0.1115382334205597 248.0502134423988 5.619999999999968
0.1114040672460931 248.0502134423988 5.639999999999968
0.1112694927780761 248.0502134423988 5.659999999999967
0.1111345014757765 248.0502134423988 5.679999999999967
0.1109990845756409 248.0502134423988 5.699999999999966
0.1108632321618119 248.0502134423988 5.719999999999966
0.1107269334087589 248.0502134423988 5.739999999999966
0.1105901773931982 248.0502134423988 5.759999999999965
0.1104529525411777 248.0502134423988 5.779999999999965
0.1103152475713717 248.0502134423988 5.799999999999964
0.1101770513690909 248.0502134423988 5.819999999999964
0.1100383527484421 248.0502134423988 5.839999999999963
0.1098991414068714 248.0502134423988 5.859999999999963
0.109759408191662 248.0502134423988 5.879999999999963
0.1096191445862243 248.0502134423988 5.899999999999962
0.1094783432042607 248.0502134423988 5.919999999999962
0.1093369980398114 248.0502134423988 5.939999999999961
0.1091951038370409 248.0502134423988 5.959999999999961
0.109052656812504 248.0502134423988 5.97999999999996
0.1089096544284496 248.0502134423988 5.99999999999996
0.108766095582826 248.0502134423988 6.01999999999996
0.1086219803844733 248.0502134423988 6.039999999999959
0.1084773110233251 248.0502134423988 6.059999999999959
0.1083320914379184 248.0502134423988 6.079999999999958
0.1081863265797642 248.0502134423988 6.099999999999958
0.1080400225028593 248.0502134423988 6.119999999999957
0.1078931863545442 248.0502134423988 6.139999999999957
0.1077458268778955 248.0502134423988 6.159999999999957
0.1075979529138595 248.0502134423988 6.179999999999956
0.1074495732031969 248.0502134423988 6.199999999999956
0.1073006956798668 248.0502134423988 6.219999999999955
0.1071513284341367 248.0502134423988 6.239999999999955
0.1070014789264673 248.0502134423988 6.259999999999954
0.1068511532412096 248.0502134423988 6.279999999999954
0.1067003575904064 248.0502134423988 6.299999999999954
0.1065490999360483 248.0502134423988 6.319999999999953
0.1063973859598981 248.0502134423988 6.339999999999953
0.1062452173750971 248.0502134423988 6.359999999999952
0.1060925963429754 248.0502134423988 6.379999999999952
0.1059395244874309 248.0502134423988 6.399999999999952
0.1057860034392477 248.0502134423988 6.419999999999951
0.105632033092773 248.0502134423988 6.439999999999951
0.1054776115204902 248.0502134423988 6.45999999999995
0.1053227373446053 248.0502134423988 6.47999999999995
0.1051674086814032 248.0502134423988 6.499999999999949
0.1050116211015471 248.0502134423988 6.519999999999949
0.1048553683163578 248.0502134423988 6.539999999999949
0.1046986444344802 248.0502134423988 6.559999999999948
0.1045414419608745 248.0502134423988 6.579999999999948
0.1043837519154777 248.0502134423988 6.599999999999947
0.1042255645016207 248.0502134423988 6.619999999999947
0.1040668687729586 248.0502134423988 6.639999999999946
0.1039076535513794 248.0502134423988 6.659999999999946
0.103747906115515 248.0502134423988 6.679999999999946
0.103587611173036 248.0502134423988 6.699999999999945
0.103426752367135 248.0502134423988 6.719999999999945
0.1032653111572148 248.0502134423988 6.739999999999944
0.1031032692796808 248.0502134423988 6.759999999999944
0.1029406097721195 248.0502134423988 6.779999999999943
0.1027773125114131 248.0502134423988 6.799999999999943
0.1026133545803012 248.0502134423988 6.819999999999943
0.102448711363083 248.0502134423988 6.839999999999942
0.1022833602996003 248.0502134423988 6.859999999999942
0.1021172832975973 248.0502134423988 6.879999999999941
0.1019504624158733 248.0502134423988 6.899999999999941
0.1017828774129067 248.0502134423988 6.91999999999994
0.1016145099139013 248.0502134423988 6.93999999999994
0.1014453437041404 248.0502134423988 6.95999999999994
0.1012753639335838 248.0502134423988 6.979999999999939
0.1011045594488352 248.0502134423988 6.999999999999939
0.1009329230009422 248.0502134423988 7.019999999999938
0.1007604486586649 248.0502134423988 7.039999999999938
0.1005871305289898 248.0502134423988 7.059999999999937
0.100412966514117 248.0502134423988 7.079999999999937
0.1002379575258523 248.0502134423988 7.099999999999937
0.1000621046335753 248.0502134423988 7.119999999999936
0.09988540951218484 248.0502134423988 7.139999999999936
0.09970787509273527 248.0502134423988 7.159999999999935
0.09952950487921225 248.0502134423988 7.179999999999935
0.09935030071884429 248.0502134423988 7.199999999999934
0.09917026137237127 248.0502134423988 7.219999999999934
0.09898938549401459 248.0502134423988 7.239999999999934
0.09880766792852495 248.0502134423988 7.259999999999933
0.09862510312976411 248.0502134423988 7.279999999999933
0.09844168314175462 248.0502134423988 7.299999999999932
0.09825739458298008 248.0502134423988 7.319999999999932
0.09807222286759115 248.0502134423988 7.339999999999931
0.09788614957210683 248.0502134423988 7.359999999999931
0.09769915457802643 248.0502134423988 7.379999999999931
0.09751121184545275 248.0502134423988 7.39999999999993
0.09732229214545141 248.0502134423988 7.41999999999993
0.09713236342938655 248.0502134423988 7.439999999999929
0.09694139332968833 248.0502134423988 7.459999999999929
0.09674934773187233 248.0502134423988 7.479999999999928
0.09655619112421751 248.0502134423988 7.499999999999928
0.09636188978224129 248.0502134423988 7.519999999999928
0.09616641163271464 248.0502134423988 7.539999999999927
0.09596972538393191 248.0502134423988 7.559999999999927
0.09577180340129302 248.0502134423988 7.579999999999926
0.09557261894965087 248.0502134423988 7.599999999999926
0.0953721445243573 248.0502134423988 7.619999999999925
0.09517035720836128 248.0502134423988 7.639999999999925
0.09496723846381497 248.0502134423988 7.659999999999925
0.09476277407329929 248.0502134423988 7.679999999999924
0.09455695467717128 248.0502134423988 7.699999999999924
0.09434978156215358 248.0502134423988 7.719999999999923
0.0941412586386462 248.0502134423988 7.739999999999923
0.09393139151767654 248.0502134423988 7.759999999999923
0.09372018911992611 248.0502134423988 7.779999999999922
0.09350766346817661 248.0502134423988 7.799999999999922
0.09329383049578467 248.0502134423988 7.819999999999921
0.09307871402174549 248.0502134423988 7.839999999999921
0.09286234132750652 248.0502134423988 7.85999999999992
0.09264474263877187 248.0502134423988 7.87999999999992
0.09242595243440208 248.0502134423988 7.89999999999992
0.09220600396784136 248.0502134423988 7.919999999999919
0.09198493086253474 248.0502134423988 7.939999999999919
0.09176276601311933 248.0502134423988 7.959999999999918
0.09153954614629957 248.0502134423988 7.979999999999918
0.09131530605782906 248.0502134423988 7.999999999999917
0.09109007960017494 248.0502134423988 8.019999999999918
0.09086390510294345 248.0502134423988 8.039999999999917
0.09063681518026277 248.0502134423988 8.059999999999917
0.09040883206643757 248.0502134423988 8.079999999999917
0.09017997493439206 248.0502134423988 8.099999999999916
0.08995026981397861 248.0502134423988 8.119999999999916
0.08971974380858024 248.0502134423988 8.139999999999915
0.08948842491023973 248.0502134423988 8.159999999999915
0.08925634289376969 248.0502134423988 8.179999999999914
0.08902352849148369 248.0502134423988 8.199999999999914
0.08879001315012963 248.0502134423988 8.219999999999914
0.08855582348152785 248.0502134423988 8.239999999999913
0.08832098749911502 248.0502134423988 8.259999999999913
0.08808553499691023 248.0502134423988 8.279999999999912
0.08784950329185556 248.0502134423988 8.299999999999912
0.08761292633306582 248.0502134423988 8.319999999999911
0.08737584472932468 248.0502134423988 8.339999999999911
0.08713830214776412 248.0502134423988 8.359999999999911
0.0869003368665049 248.0502134423988 8.37999999999991
0.08666198409282048 248.0502134423988 8.39999999999991
0.08642328613994263 248.0502134423988 8.419999999999909
0.0861842973541579 248.0502134423988 8.439999999999909
0.08594506856594601 248.0502134423988 8.459999999999908
0.08570566153091426 248.0502134423988 8.479999999999908
0.08546613831028672 248.0502134423988 8.499999999999908
0.08522655539683738 248.0502134423988 8.519999999999907
0.08498698950912414 248.0502134423988 8.539999999999907
0.08474751365246663 248.0502134423988 8.559999999999906
0.08450819412102109 248.0502134423988 8.579999999999906
0.08426909045219434 248.0502134423988 8.599999999999905
0.08403026337876535 248.0502134423988 8.619999999999905
0.0837917731722944 248.0502134423988 8.639999999999905
0.08355367688731127 248.0502134423988 8.659999999999904
0.0833160267331774 248.0502134423988 8.679999999999904
0.08307886935989936 248.0502134423988 8.699999999999903
0.08284223718128911 248.0502134423988 8.719999999999903
0.08260615246505128 248.0502134423988 8.739999999999903
0.08237065507742491 248.0502134423988 8.759999999999902
0.08213577692506335 248.0502134423988 8.779999999999902
0.08190155953946225 248.0502134423988 8.799999999999901
0.08166803408312526 248.0502134423988 8.819999999999901
0.08143522597769197 248.0502134423988 8.8399999999999
0.08120316391986414 248.0502134423988 8.8599999999999
0.08097187905712377 248.0502134423988 8.8799999999999
0.08074141029505531 248.0502134423988 8.899999999999899
0.08051176936783341 248.0502134423988 8.919999999999899
0.08028295537931404 248.0502134423988 8.939999999999898
0.08005497973621611 248.0502134423988 8.959999999999898
0.07982785289647233 248.0502134423988 8.979999999999897
0.07960157724671775 248.0502134423988 8.999999999999897
0.07937613737036096 248.0502134423988 9.019999999999897
0.07915152775344861 248.0502134423988 9.039999999999896
0.07892774936546118 248.0502134423988 9.059999999999896
0.07870480959376111 248.0502134423988 9.079999999999895
0.07848270041892741 248.0502134423988 9.099999999999895
0.07826142931147199 248.0502134423988 9.119999999999894
0.07804101543654593 248.0502134423988 9.139999999999894
0.07782147550887608 248.0502134423988 9.159999999999894
0.07760281566001964 248.0502134423988 9.179999999999893
0.07738503079500929 248.0502134423988 9.199999999999893
0.07716811454132408 248.0502134423988 9.219999999999892
0.07695206981929045 248.0502134423988 9.239999999999892
0.07673688821629945 248.0502134423988 9.259999999999891
0.07652254283937281 248.0502134423988 9.279999999999891
0.07630900325981942 248.0502134423988 9.299999999999891
0.0760962365527051 248.0502134423988 9.31999999999989
0.07588420423324081 248.0502134423988 9.33999999999989
0.07567286402532467 248.0502134423988 9.359999999999889
0.07546217455877731 248.0502134423988 9.379999999999889
0.0752520884166491 248.0502134423988 9.399999999999888
0.07504256277981164 248.0502134423988 9.419999999999888
0.07483355656204936 248.0502134423988 9.439999999999888
0.07462503028962582 248.0502134423988 9.459999999999887
0.07441693937324838 248.0502134423988 9.479999999999887
0.07420924547541359 248.0502134423988 9.499999999999886
0.07400190535561689 248.0502134423988 9.519999999999886
0.07379488088135971 248.0502134423988 9.539999999999885
0.07358813021056394 248.0502134423988 9.559999999999885
0.07338161873589279 248.0502134423988 9.579999999999885
0.07317531510674395 248.0502134423988 9.599999999999884
0.07296918376484364 248.0502134423988 9.619999999999884
0.07276319287671831 248.0502134423988 9.639999999999883
0.07255732086880524 248.0502134423988 9.659999999999883
0.07235155100069182 248.0502134423988 9.679999999999882
0.07214586372223612 248.0502134423988 9.699999999999882
0.07194024497879337 248.0502134423988 9.719999999999882
0.0717346777012305 248.0502134423988 9.739999999999881
0.07152914907826234 248.0502134423988 9.759999999999881
0.07132364939995831 248.0502134423988 9.77999999999988
0.07111817517703284 248.0502134423988 9.79999999999988
0.07091272660308871 248.0502134423988 9.819999999999879
0.07070730793450161 248.0502134423988 9.839999999999879
0.07050192227966444 248.0502134423988 9.859999999999879
0.07029657337551082 248.0502134423988 9.879999999999878
0.07009126475396275 248.0502134423988 9.899999999999878
0.06988600525005825 248.0502134423988 9.919999999999877
0.06968080458584197 248.0502134423988 9.939999999999877
0.06947567117626928 248.0502134423988 9.959999999999877
0.06927061417566252 248.0502134423988 9.979999999999876
0.06906564345458904 248.0502134423988 9.999999999999876
0.06886077430895403 248.0502134423988 10.01999999999988
0.06865602450483101 248.0502134423988 10.03999999999987
0.06845140788000166 248.0502134423988 10.05999999999987
0.0682469367167845 248.0502134423988 10.07999999999987
0.06804261950381255 248.0502134423988 10.09999999999987
0.06783845871945962 248.0502134423988 10.11999999999987
0.06763445790543904 248.0502134423988 10.13999999999987
0.06743061755788546 248.0502134423988 10.15999999999987
0.06722693526409061 248.0502134423988 10.17999999999987
0.0670234020709382 248.0502134423988 10.19999999999987
0.0668200125470305 248.0502134423988 10.21999999999987
0.06661676616662897 248.0502134423988 10.23999999999987
0.06641366583518106 248.0502134423988 10.25999999999987
0.06621071062125454 248.0502134423988 10.27999999999987
0.06600789517297548 248.0502134423988 10.29999999999987
0.06580520557483907 248.0502134423988 10.31999999999987
0.06560263542111457 248.0502134423988 10.33999999999987
0.06540017856579466 248.0502134423988 10.35999999999987
0.06519783832102198 248.0502134423988 10.37999999999987
0.06499561856777002 248.0502134423988 10.39999999999987
0.06479352260057199 248.0502134423988 10.41999999999987
0.06459155609804114 248.0502134423988 10.43999999999987
0.06438972257160926 248.0502134423988 10.45999999999987
0.064188028346313 248.0502134423988 10.47999999999987
0.06398648246894297 248.0502134423988 10.49999999999986
0.06378509255470158 248.0502134423988 10.51999999999986
0.06358387085618648 248.0502134423988 10.53999999999986
0.06338283845737337 248.0502134423988 10.55999999999986
0.06318201835914136 248.0502134423988 10.57999999999986
0.06298143176057946 248.0502134423988 10.59999999999986
0.06278110000474112 248.0502134423988 10.61999999999986
0.06258104522635063 248.0502134423988 10.63999999999986
0.06238129532363136 248.0502134423988 10.65999999999986
0.06218187738819814 248.0502134423988 10.67999999999986
0.06198281958634077 248.0502134423988 10.69999999999986
0.06178415067306944 248.0502134423988 10.71999999999986
0.06158589966990009 248.0502134423988 10.73999999999986
0.06138809525729437 248.0502134423988 10.75999999999986
0.06119076680386966 248.0502134423988 10.77999999999986
0.06099394004971061 248.0502134423988 10.79999999999986
0.06079764265172011 248.0502134423988 10.81999999999986
0.06060190255753826 248.0502134423988 10.83999999999986
0.06040674072859348 248.0502134423988 10.85999999999986
0.06021217985814736 248.0502134423988 10.87999999999986
0.06001824505966229 248.0502134423988 10.89999999999986
0.05982495514433606 248.0502134423988 10.91999999999986
0.05963232502315629 248.0502134423988 10.93999999999986
0.05944036670093603 248.0502134423988 10.95999999999986
0.05924909416381217 248.0502134423988 10.97999999999985
0.05905852148827732 248.0502134423988 10.99999999999985
0.058868662452324 248.0502134423988 11.01999999999985
0.05867952499653797 248.0502134423988 11.03999999999985
0.05849111847579551 248.0502134423988 11.05999999999985
0.05830345283952913 248.0502134423988 11.07999999999985
0.05811653830035789 248.0502134423988 11.09999999999985
0.05793038613950234 248.0502134423988 11.11999999999985
0.05774500322795485 248.0502134423988 11.13999999999985
0.0575603946568268 248.0502134423988 11.15999999999985
0.05737656048763862 248.0502134423988 11.17999999999985
0.05719350419087366 248.0502134423988 11.19999999999985
0.05701122789932624 248.0502134423988 11.21999999999985
0.05682973341520158 248.0502134423988 11.23999999999985
0.05664902219681293 248.0502134423988 11.25999999999985
0.05646909780641771 248.0502134423988 11.27999999999985
0.05628996079855061 248.0502134423988 11.29999999999985
0.05611160771610391 248.0502134423988 11.31999999999985
0.05593403770056941 248.0502134423988 11.33999999999985
0.05575725006198949 248.0502134423988 11.35999999999985
0.05558124540083279 248.0502134423988 11.37999999999985
0.05540602507634185 248.0502134423988 11.39999999999985
0.05523159254057673 248.0502134423988 11.41999999999985
0.05505795080066762 248.0502134423988 11.43999999999984
0.05488510464421854 248.0502134423988 11.45999999999984
0.05471305542351666 248.0502134423988 11.47999999999984
0.05454180669783745 248.0502134423988 11.49999999999984
0.05437136527368872 248.0502134423988 11.51999999999984
0.05420173972334502 248.0502134423988 11.53999999999984
0.05403293687140303 248.0502134423988 11.55999999999984
0.05386496303414048 248.0502134423988 11.57999999999984
0.05369782576412462 248.0502134423988 11.59999999999984
0.05353153453869733 248.0502134423988 11.61999999999984
0.05336610021132857 248.0502134423988 11.63999999999984
0.05320153182967951 248.0502134423988 11.65999999999984
0.0530378381605208 248.0502134423988 11.67999999999984
0.05287502664771333 248.0502134423988 11.69999999999984
0.05271310706417687 248.0502134423988 11.71999999999984
0.0525520885881596 248.0502134423988 11.73999999999984
0.05239197934585218 248.0502134423988 11.75999999999984
0.05223278757075259 248.0502134423988 11.77999999999984
0.05207451944358059 248.0502134423988 11.79999999999984
0.05191718123242611 248.0502134423988 11.81999999999984
0.05176077646544085 248.0502134423988 11.83999999999984
0.05160530667931214 248.0502134423988 11.85999999999984
0.0514507739401329 248.0502134423988 11.87999999999984
0.05129718090244648 248.0502134423988 11.89999999999984
0.05114452758371148 248.0502134423988 11.91999999999983
0.05099281254258166 248.0502134423988 11.93999999999983
0.05084203551789809 248.0502134423988 11.95999999999983
0.05069219608914745 248.0502134423988 11.97999999999983
0.0505432904647439 248.0502134423988 11.99999999999983
0.05039531446724907 248.0502134423988 12.01999999999983
0.05024826294378321 248.0502134423988 12.03999999999983
0.05010213170334488 248.0502134423988 12.05999999999983
0.04995691678648738 248.0502134423988 12.07999999999983
0.04981261415847416 248.0502134423988 12.09999999999983
0.04966921859212661 248.0502134423988 12.11999999999983
0.04952672487657176 248.0502134423988 12.13999999999983
0.04938512959754221 248.0502134423988 12.15999999999983
0.04924442918614976 248.0502134423988 12.17999999999983
0.04910461728165987 248.0502134423988 12.19999999999983
0.04896568728343164 248.0502134423988 12.21999999999983
0.04882763612673568 248.0502134423988 12.23999999999983
0.04869046045668744 248.0502134423988 12.25999999999983
0.04855415754768099 248.0502134423988 12.27999999999983
0.04841872528375986 248.0502134423988 12.29999999999983
0.04828416089354094 248.0502134423988 12.31999999999983
0.04815045801052973 248.0502134423988 12.33999999999983
0.04801761304383828 248.0502134423988 12.35999999999983
0.04788562138996798 248.0502134423988 12.37999999999982
0.0477544793066558 248.0502134423988 12.39999999999982
0.04762418348628232 248.0502134423988 12.41999999999982
0.04749472874990024 248.0502134423988 12.43999999999982
0.04736610886169388 248.0502134423988 12.45999999999982
0.04723831668485604 248.0502134423988 12.47999999999982
0.04711134619645082 248.0502134423988 12.49999999999982
0.04698519130036782 248.0502134423988 12.51999999999982
0.04685984325032871 248.0502134423988 12.53999999999982
0.04673529427533311 248.0502134423988 12.55999999999982
0.04661153724190202 248.0502134423988 12.57999999999982
0.04648856293426488 248.0502134423988 12.59999999999982
0.04636636191176902 248.0502134423988 12.61999999999982
0.04624492592683586 248.0502134423988 12.63999999999982
0.04612424551789128 248.0502134423988 12.65999999999982
0.04600430948815074 248.0502134423988 12.67999999999982
0.04588510686126254 248.0502134423988 12.69999999999982
0.04576662731521092 248.0502134423988 12.71999999999982
0.04564886128824298 248.0502134423988 12.73999999999982
0.04553179770646282 248.0502134423988 12.75999999999982
0.04541542588078312 248.0502134423988 12.77999999999982
0.04529973458039215 248.0502134423988 12.79999999999982
0.04518471197130847 248.0502134423988 12.81999999999982
0.0450703487636108 248.0502134423988 12.83999999999982
0.04495663511024138 248.0502134423988 12.85999999999981
0.04484356034604673 248.0502134423988 12.87999999999981
0.04473111363431725 248.0502134423988 12.89999999999981
0.0446192848819048 248.0502134423988 12.91999999999981
0.04450806498614844 248.0502134423988 12.93999999999981
0.04439744418780222 248.0502134423988 12.95999999999981
0.04428741309453875 248.0502134423988 12.97999999999981
0.04417796403436636 248.0502134423988 12.99999999999981
0.04406908804306744 248.0502134423988 13.01999999999981
0.04396077690230729 248.0502134423988 13.03999999999981
0.04385302336884611 248.0502134423988 13.05999999999981
0.04374582072230088 248.0502134423988 13.07999999999981
0.04363916089455881 248.0502134423988 13.09999999999981
0.04353303713741436 248.0502134423988 13.11999999999981
0.04342744324592782 248.0502134423988 13.13999999999981
0.04332237158224633 248.0502134423988 13.15999999999981
0.04321781494014369 248.0502134423988 13.17999999999981
0.04311376634322116 248.0502134423988 13.19999999999981
0.04301021858167253 248.0502134423988 13.21999999999981
0.04290716374397315 248.0502134423988 13.23999999999981
0.04280459457579921 248.0502134423988 13.25999999999981
0.04270250383172334 248.0502134423988 13.27999999999981
0.0426008841470455 248.0502134423988 13.29999999999981
0.04249972835331819 248.0502134423988 13.3199999999998
0.0423990294940047 248.0502134423988 13.3399999999998
0.04229878046019639 248.0502134423988 13.3599999999998
0.04219897353427875 248.0502134423988 13.3799999999998
0.0420996008255498 248.0502134423988 13.3999999999998
0.04200065425501884 248.0502134423988 13.4199999999998
0.041902125905847 248.0502134423988 13.4399999999998
0.0418040076048403 248.0502134423988 13.4599999999998
0.04170629079075176 248.0502134423988 13.4799999999998
0.04160896805597598 248.0502134423988 13.4999999999998
0.04151203158115884 248.0502134423988 13.5199999999998
0.04141547371330258 248.0502134423988 13.5399999999998
0.0413192873138813 248.0502134423988 13.5599999999998
0.04122346572282327 248.0502134423988 13.5799999999998
0.04112800271552981 248.0502134423988 13.5999999999998
0.04103289068250372 248.0502134423988 13.6199999999998
0.04093812230550142 248.0502134423988 13.6399999999998
0.04084369112564216 248.0502134423988 13.6599999999998
0.04074959217250938 248.0502134423988 13.6799999999998
0.04065582154946815 248.0502134423988 13.6999999999998
0.0405623754009193 248.0502134423988 13.7199999999998
0.04046925191186281 248.0502134423988 13.7399999999998
0.04037644909854121 248.0502134423988 13.7599999999998
0.04028396472975291 248.0502134423988 13.7799999999998
0.04019179665932818 248.0502134423988 13.79999999999979
0.04009994393871612 248.0502134423988 13.81999999999979
0.04000840647973526 248.0502134423988 13.83999999999979
0.03991718300328211 248.0502134423988 13.85999999999979
0.03982627341363615 248.0502134423988 13.87999999999979
0.03973567844559347 248.0502134423988 13.89999999999979
0.03964539803002461 248.0502134423988 13.91999999999979
0.03955543217453873 248.0502134423988 13.93999999999979
0.03946578104724221 248.0502134423988 13.95999999999979
0.03937644399533597 248.0502134423988 13.97999999999979
0.03928742082064376 248.0502134423988 13.99999999999979
0.03919871163467359 248.0502134423988 14.01999999999979
0.03911031409182804 248.0502134423988 14.03999999999979
0.03902222619763453 248.0502134423988 14.05999999999979
0.0389344469642957 248.0502134423988 14.07999999999979
0.03884697573402639 248.0502134423988 14.09999999999979
0.03875981187154014 248.0502134423988 14.11999999999979
0.03867295357365466 248.0502134423988 14.13999999999979
0.03858639748333176 248.0502134423988 14.15999999999979
0.03850014045622595 248.0502134423988 14.17999999999979
0.03841418011949236 248.0502134423988 14.19999999999979
0.03832851208829435 248.0502134423988 14.21999999999979
0.03824313211146997 248.0502134423988 14.23999999999979
0.03815803720338861 248.0502134423988 14.25999999999978
0.03807322299588425 248.0502134423988 14.27999999999978
0.03798868575771618 248.0502134423988 14.29999999999978
0.03790442173108836 248.0502134423988 14.31999999999978
0.03782042737174279 248.0502134423988 14.33999999999978
0.0377366987363779 248.0502134423988 14.35999999999978
0.03765323227080576 248.0502134423988 14.37999999999978
0.03757002301061729 248.0502134423988 14.39999999999978
0.03748706668931433 248.0502134423988 14.41999999999978
0.03740435986696899 248.0502134423988 14.43999999999978
0.03732189811809861 248.0502134423988 14.45999999999978
0.03723967745475686 248.0502134423988 14.47999999999978
0.03715769491461653 248.0502134423988 14.49999999999978
0.03707594689375843 248.0502134423988 14.51999999999978
0.03699442834330496 248.0502134423988 14.53999999999978
0.03691313512079786 248.0502134423988 14.55999999999978
0.03683206374252003 248.0502134423988 14.57999999999978
0.03675121050085134 248.0502134423988 14.59999999999978
0.03667057210238701 248.0502134423988 14.61999999999978
0.03659014579247959 248.0502134423988 14.63999999999978
0.03650992855946224 248.0502134423988 14.65999999999978
0.03642991831432775 248.0502134423988 14.67999999999978
0.03635011310754774 248.0502134423988 14.69999999999978
0.03627051088556986 248.0502134423988 14.71999999999978
0.03619110902560783 248.0502134423988 14.73999999999977
0.0361119046114413 248.0502134423988 14.75999999999977
0.03603289496162047 248.0502134423988 14.77999999999977
0.03595407765547363 248.0502134423988 14.79999999999977
0.03587545059562174 248.0502134423988 14.81999999999977
0.03579701130804475 248.0502134423988 14.83999999999977
0.03571875820600854 248.0502134423988 14.85999999999977
0.03564068985461346 248.0502134423988 14.87999999999977
0.03556280485239417 248.0502134423988 14.89999999999977
0.0354851026515103 248.0502134423988 14.91999999999977
0.03540758187566308 248.0502134423988 14.93999999999977
0.03533024140794584 248.0502134423988 14.95999999999977
0.03525308006194137 248.0502134423988 14.97999999999977
0.03517609629276595 248.0502134423988 14.99999999999977
0.03509928839305091 248.0502134423988 15.01999999999977
0.03502265519459889 248.0502134423988 15.03999999999977
0.03494619558431045 248.0502134423988 15.05999999999977
0.03486990871992202 248.0502134423988 15.07999999999977
0.03479379451142427 248.0502134423988 15.09999999999977
0.03471785254033927 248.0502134423988 15.11999999999977
0.03464208209987248 248.0502134423988 15.13999999999977
0.03456648231575122 248.0502134423988 15.15999999999977
0.03449105299918705 248.0502134423988 15.17999999999977
0.03441579411680338 248.0502134423988 15.19999999999976
0.03434070598357915 248.0502134423988 15.21999999999976
0.03426578874018271 248.0502134423988 15.23999999999976
0.03419104229841794 248.0502134423988 15.25999999999976
0.03411646621782161 248.0502134423988 15.27999999999976
0.03404206032722831 248.0502134423988 15.29999999999976
0.03396782515166583 248.0502134423988 15.31999999999976
0.03389376119829735 248.0502134423988 15.33999999999976
0.03381986913794927 248.0502134423988 15.35999999999976
0.03374614991670792 248.0502134423988 15.37999999999976
0.03367260429589812 248.0502134423988 15.39999999999976
0.03359923244363002 248.0502134423988 15.41999999999976
0.0335260343428623 248.0502134423988 15.43999999999976
0.03345301010889958 248.0502134423988 15.45999999999976
0.03338015976665567 248.0502134423988 15.47999999999976
0.03330748407120065 248.0502134423988 15.49999999999976
0.03323498406780075 248.0502134423988 15.51999999999976
0.03316266077305383 248.0502134423988 15.53999999999976
0.03309051493311579 248.0502134423988 15.55999999999976
0.03301854716488585 248.0502134423988 15.57999999999976
0.03294675780097134 248.0502134423988 15.59999999999976
0.03287514728703744 248.0502134423988 15.61999999999976
0.03280371589440776 248.0502134423988 15.63999999999976
0.03273246362828545 248.0502134423988 15.65999999999976
0.03266139040854771 248.0502134423988 15.67999999999975
0.03259049642991663 248.0502134423988 15.69999999999975
0.03251978157257566 248.0502134423988 15.71999999999975
0.03244924586752502 248.0502134423988 15.73999999999975
0.03237888915689146 248.0502134423988 15.75999999999975
0.03230871098507915 248.0502134423988 15.77999999999975
0.03223871107603098 248.0502134423988 15.79999999999975
0.03216888909996629 248.0502134423988 15.81999999999975
0.03209924473983672 248.0502134423988 15.83999999999975
0.0320297775578826 248.0502134423988 15.85999999999975
0.0319604871539119 248.0502134423988 15.87999999999975
0.03189137314796819 248.0502134423988 15.89999999999975
0.03182243504201929 248.0502134423988 15.91999999999975
0.03175367233256745 248.0502134423988 15.93999999999975
0.03168508453723366 248.0502134423988 15.95999999999975
0.03161667095360141 248.0502134423988 15.97999999999975
0.03154843069286883 248.0502134423988 15.99999999999975
0.03148036288813896 248.0502134423988 16.01999999999975
0.03141246666889553 248.0502134423988 16.03999999999975
0.03134474109192702 248.0502134423988 16.05999999999975
0.03127718540600006 248.0502134423988 16.07999999999975
0.03120979877642651 248.0502134423988 16.09999999999975
0.03114258030939913 248.0502134423988 16.11999999999975
0.03107552923111378 248.0502134423988 16.13999999999974
0.03100864517502078 248.0502134423988 16.15999999999974
0.03094192770827391 248.0502134423988 16.17999999999974
0.03087537612722902 248.0502134423988 16.19999999999974
0.03080898984459794 248.0502134423988 16.21999999999974
0.03074276820133292 248.0502134423988 16.23999999999974
0.0306767105377885 248.0502134423988 16.25999999999974
0.03061081645389613 248.0502134423988 16.27999999999974
0.03054508566957527 248.0502134423988 16.29999999999974
0.03047951791310073 248.0502134423988 16.31999999999974
0.03041411304558576 248.0502134423988 16.33999999999974
0.03034887100795056 248.0502134423988 16.35999999999974
0.03028379170699473 248.0502134423988 16.37999999999974
0.03021887511766827 248.0502134423988 16.39999999999974
0.03015412119815994 248.0502134423988 16.41999999999974
0.03008953005953288 248.0502134423988 16.43999999999974
0.03002510195857748 248.0502134423988 16.45999999999974
0.02996083708398604 248.0502134423988 16.47999999999974
0.02989673572195729 248.0502134423988 16.49999999999974
0.02983279818323974 248.0502134423988 16.51999999999974
0.02976902491144149 248.0502134423988 16.53999999999974
0.02970541657971707 248.0502134423988 16.55999999999974
0.0296419739292188 248.0502134423988 16.57999999999974
0.02957869775646123 248.0502134423988 16.59999999999973
0.02951558906740815 248.0502134423988 16.61999999999973
0.02945264863288459 248.0502134423988 16.63999999999973
0.02938987743813554 248.0502134423988 16.65999999999973
0.02932727648225637 248.0502134423988 16.67999999999973
0.02926484682056085 248.0502134423988 16.69999999999973
0.02920258964634001 248.0502134423988 16.71999999999973
0.02914050618861478 248.0502134423988 16.73999999999973
0.02907859741778096 248.0502134423988 16.75999999999973
0.02901686428387539 248.0502134423988 16.77999999999973
0.02895530802170703 248.0502134423988 16.79999999999973
0.02889393009761115 248.0502134423988 16.81999999999973
0.02883273181281662 248.0502134423988 16.83999999999973
0.02877171447158332 248.0502134423988 16.85999999999973
0.0287108793764947 248.0502134423988 16.87999999999973
0.02865022772992216 248.0502134423988 16.89999999999973
0.02858976079044102 248.0502134423988 16.91999999999973
0.02852947984319742 248.0502134423988 16.93999999999973
0.02846938620974348 248.0502134423988 16.95999999999973
0.02840948114689998 248.0502134423988 16.97999999999973
0.02834976567202076 248.0502134423988 16.99999999999973
0.02829024090352623 248.0502134423988 17.01999999999973
0.02823090802788374 248.0502134423988 17.03999999999973
0.02817176825900612 248.0502134423988 17.05999999999973
0.02811282273932456 248.0502134423988 17.07999999999972
0.02805407267652927 248.0502134423988 17.09999999999972
0.0279955191974084 248.0502134423988 17.11999999999972
0.02793716339501171 248.0502134423988 17.13999999999972
0.02787900613613163 248.0502134423988 17.15999999999972
0.02782104818850041 248.0502134423988 17.17999999999972
0.02776329027571501 248.0502134423988 17.19999999999972
0.02770573290892818 248.0502134423988 17.21999999999972
0.02764837662338853 248.0502134423988 17.23999999999972
0.02759122194093917 248.0502134423988 17.25999999999972
0.02753426936832036 248.0502134423988 17.27999999999972
0.02747751944061351 248.0502134423988 17.29999999999972
0.02742097266751539 248.0502134423988 17.31999999999972
0.02736462947612109 248.0502134423988 17.33999999999972
0.02730849013219291 248.0502134423988 17.35999999999972
0.02725255486894106 248.0502134423988 17.37999999999972
0.02719682385966068 248.0502134423988 17.39999999999972
0.02714129733410394 248.0502134423988 17.41999999999972
0.02708597555680974 248.0502134423988 17.43999999999972
0.02703085855352459 248.0502134423988 17.45999999999972
0.0269759463800489 248.0502134423988 17.47999999999972
0.02692123903030728 248.0502134423988 17.49999999999972
0.02686673649609517 248.0502134423988 17.51999999999972
0.02681243889620814 248.0502134423988 17.53999999999971
0.02675834617000517 248.0502134423988 17.55999999999971
0.02670445814207656 248.0502134423988 17.57999999999971
0.02665077460208471 248.0502134423988 17.59999999999971
0.02659729532171942 248.0502134423988 17.61999999999971
0.02654401993001963 248.0502134423988 17.63999999999971
0.02649094814728661 248.0502134423988 17.65999999999971
0.02643807953650595 248.0502134423988 17.67999999999971
0.02638541375569213 248.0502134423988 17.69999999999971
0.02633295044758236 248.0502134423988 17.71999999999971
0.02628068923118863 248.0502134423988 17.73999999999971
0.02622862968669164 248.0502134423988 17.75999999999971
0.02617677132848396 248.0502134423988 17.77999999999971
0.02612511373287633 248.0502134423988 17.79999999999971
0.02607365646774288 248.0502134423988 17.81999999999971
0.02602239894098838 248.0502134423988 17.83999999999971
0.025971340589734 248.0502134423988 17.85999999999971
0.02592048076868197 248.0502134423988 17.87999999999971
0.02586981877512851 248.0502134423988 17.89999999999971
0.02581935382043638 248.0502134423988 17.91999999999971
0.02576908508034271 248.0502134423988 17.93999999999971
0.0257190118613141 248.0502134423988 17.95999999999971
0.02566913340328399 248.0502134423988 17.97999999999971
0.02561944894612169 248.0502134423988 17.99999999999971
0.02556995767767506 248.0502134423988 18.0199999999997
0.0255206587951682 248.0502134423988 18.0399999999997
0.0254715515483213 248.0502134423988 18.0599999999997
0.02542263512441782 248.0502134423988 18.0799999999997
0.02537390861961218 248.0502134423988 18.0999999999997
0.02532537106491449 248.0502134423988 18.1199999999997
0.02527702156338058 248.0502134423988 18.1399999999997
0.02522885915707907 248.0502134423988 18.1599999999997
0.02518088297005451 248.0502134423988 18.1799999999997
0.02513309201741159 248.0502134423988 18.1999999999997
0.02508548509026233 248.0502134423988 18.2199999999997
0.0250380609908791 248.0502134423988 18.2399999999997
0.02499081864178897 248.0502134423988 18.2599999999997
0.02494375690772075 248.0502134423988 18.2799999999997
0.02489687452641844 248.0502134423988 18.2999999999997
0.02485017025425296 248.0502134423988 18.3199999999997
0.02480364290781066 248.0502134423988 18.3399999999997
0.02475729133983286 248.0502134423988 18.3599999999997
0.02471111439659901 248.0502134423988 18.3799999999997
0.02466511091126538 248.0502134423988 18.3999999999997
0.0246192795856269 248.0502134423988 18.4199999999997
0.02457361920420448 248.0502134423988 18.4399999999997
0.02452812866211843 248.0502134423988 18.4599999999997
0.02448280670902405 248.0502134423988 18.47999999999969
0.02443765214690117 248.0502134423988 18.49999999999969
0.02439266372109021 248.0502134423988 18.51999999999969
0.02434784017141326 248.0502134423988 18.53999999999969
0.02430318024471127 248.0502134423988 18.55999999999969
0.02425868271012715 248.0502134423988 18.57999999999969
0.02421434624341109 248.0502134423988 18.59999999999969
0.02417016949263395 248.0502134423988 18.61999999999969
0.02412615114780941 248.0502134423988 18.63999999999969
0.02408228988823621 248.0502134423988 18.65999999999969
0.02403858444182673 248.0502134423988 18.67999999999969
0.02399503358937407 248.0502134423988 18.69999999999969
0.02395163606209274 248.0502134423988 18.71999999999969
0.02390839061774302 248.0502134423988 18.73999999999969
0.02386529601920103 248.0502134423988 18.75999999999969
0.02382235109137026 248.0502134423988 18.77999999999969
0.02377955470110208 248.0502134423988 18.79999999999969
0.02373690569826033 248.0502134423988 18.81999999999969
0.02369440296098654 248.0502134423988 18.83999999999969
0.02365204531591139 248.0502134423988 18.85999999999969
0.02360983167383258 248.0502134423988 18.87999999999969
0.02356776095297479 248.0502134423988 18.89999999999969
0.02352583215392351 248.0502134423988 18.91999999999969
0.02348404422753636 248.0502134423988 18.93999999999969
0.02344239615584646 248.0502134423988 18.95999999999968
0.02340088692311173 248.0502134423988 18.97999999999968
0.02335951555623413 248.0502134423988 18.99999999999968
0.02331828098198812 248.0502134423988 19.01999999999968
0.02327718218742127 248.0502134423988 19.03999999999968
0.02323621827113042 248.0502134423988 19.05999999999968
0.0231953883721801 248.0502134423988 19.07999999999968
0.02315469166372836 248.0502134423988 19.09999999999968
0.02311412726638357 248.0502134423988 19.11999999999968
0.02307369432336197 248.0502134423988 19.13999999999968
0.02303339205392615 248.0502134423988 19.15999999999968
0.02299321965722012 248.0502134423988 19.17999999999968
0.02295317633261264 248.0502134423988 19.19999999999968
0.02291326133731097 248.0502134423988 19.21999999999968
0.02287347396312708 248.0502134423988 19.23999999999968
0.02283381345215383 248.0502134423988 19.25999999999968
0.0227942790958291 248.0502134423988 19.27999999999968
0.0227548702234575 248.0502134423988 19.29999999999968
0.02271558608783234 248.0502134423988 19.31999999999968
0.02267642599210032 248.0502134423988 19.33999999999968
0.02263738927698049 248.0502134423988 19.35999999999968
0.02259847532543144 248.0502134423988 19.37999999999968
0.02255968355872287 248.0502134423988 19.39999999999968
0.02252101332644289 248.0502134423988 19.41999999999967
0.02248246402354246 248.0502134423988 19.43999999999967
0.02244403505129286 248.0502134423988 19.45999999999967
0.02240572578128719 248.0502134423988 19.47999999999967
0.02236753563002581 248.0502134423988 19.49999999999967
0.02232946406360075 248.0502134423988 19.51999999999967
0.02229151055036832 248.0502134423988 19.53999999999967
0.02225367452021795 248.0502134423988 19.55999999999967
0.02221595543087556 248.0502134423988 19.57999999999967
0.02217835277867415 248.0502134423988 19.59999999999967
0.02214086601201514 248.0502134423988 19.61999999999967
0.02210349459406122 248.0502134423988 19.63999999999967
0.02206623795298432 248.0502134423988 19.65999999999967
0.02202909559781975 248.0502134423988 19.67999999999967
0.02199206706547414 248.0502134423988 19.69999999999967
0.02195515191308238 248.0502134423988 19.71999999999967
0.02191834972799375 248.0502134423988 19.73999999999967
0.02188166001483622 248.0502134423988 19.75999999999967
0.02184508231487326 248.0502134423988 19.77999999999967
0.02180861618941834 248.0502134423988 19.79999999999967
0.02177226113337676 248.0502134423988 19.81999999999967
0.0217360167071872 248.0502134423988 19.83999999999967
0.02169988248284556 248.0502134423988 19.85999999999967
0.02166385811883908 248.0502134423988 19.87999999999967
0.02162794323007645 248.0502134423988 19.89999999999966
0.02159213745043295 248.0502134423988 19.91999999999966
0.02155644036428011 248.0502134423988 19.93999999999966
0.02152085149521465 248.0502134423988 19.95999999999966
0.02148537038277633 248.0502134423988 19.97999999999966
0.02144999662419286 248.0502134423988 19.99999999999966
0.02141472975949918 248.0502134423988 20.01999999999966
