0.125 248.05 0
0.1249724507877022 248.0502134423988 0.02
0.1249469810030062 248.0502134423988 0.04
0.1249221946598114 248.0502134423988 0.06
0.1248976260540206 248.0502134423988 0.08
0.1248731198190335 248.0502134423988 0.1
0.1248486240563561 248.0502134423988 0.12
0.1248241213463898 248.0502134423988 0.14
0.1247996057321494 248.0502134423988 0.16
0.124775075034208 248.0502134423988 0.18
0.1247505283022751 248.0502134423988 0.2
0.1247259649752416 248.0502134423988 0.22
0.1247013846041508 248.0502134423988 0.24
0.124676786759914 248.0502134423988 0.26
0.1246521710024208 248.0502134423988 0.28
0.1246275368662876 248.0502134423988 0.3
0.1246028838495255 248.0502134423988 0.32
0.1245782114122351 248.0502134423988 0.34
0.1245535189763758 248.0502134423988 0.36
0.1245288059273818 248.0502134423988 0.3800000000000001
0.1245040716132116 248.0502134423988 0.4000000000000001
0.1244793153436711 248.0502134423988 0.4200000000000001
0.1244545363841408 248.0502134423988 0.4400000000000001
0.1244297339603529 248.0502134423988 0.4600000000000001
0.1244049072544049 248.0502134423988 0.4800000000000001
0.1243800554031502 248.0502134423988 0.5000000000000001
0.1243551775013268 248.0502134423988 0.5200000000000001
0.1243302725984998 248.0502134423988 0.5400000000000001
0.1243053397020273 248.0502134423988 0.5600000000000002
0.1242803777729733 248.0502134423988 0.5800000000000002
0.1242553857265158 248.0502134423988 0.6000000000000002
0.1242303624268771 248.0502134423988 0.6200000000000002
0.1242053066950718 248.0502134423988 0.6400000000000002
0.1241802173043423 248.0502134423988 0.6600000000000003
0.1241550929861434 248.0502134423988 0.6800000000000003
0.1241299324186303 248.0502134423988 0.7000000000000003
0.1241047342345602 248.0502134423988 0.7200000000000003
0.1240794970200359 248.0502134423988 0.7400000000000003
0.1240542193160751 248.0502134423988 0.7600000000000003
0.1240288996155609 248.0502134423988 0.7800000000000004
0.1240035363700373 248.0502134423988 0.8000000000000004
0.1239781279782743 248.0502134423988 0.8200000000000004
0.1239526727935671 248.0502134423988 0.8400000000000004
0.1239271691256557 248.0502134423988 0.8600000000000004
0.1239016152395279 248.0502134423988 0.8800000000000004
0.1238760093576249 248.0502134423988 0.9000000000000005
0.1238503496488001 248.0502134423988 0.9200000000000005
0.1238246342473575 248.0502134423988 0.9400000000000005
0.1237988612440222 248.0502134423988 0.9600000000000005
0.123773028686389 248.0502134423988 0.9800000000000005
0.1237471345743988 248.0502134423988 1
0.1237211768646548 248.0502134423988 1.02
0.1236951534764182 248.0502134423988 1.04
0.1236690622979819 248.0502134423988 1.06
0.123642901171223 248.0502134423988 1.080000000000001
0.1236166678921282 248.0502134423988 1.100000000000001
0.1235903602314269 248.0502134423988 1.120000000000001
0.1235639759150241 248.0502134423988 1.140000000000001
0.1235375126342677 248.0502134423988 1.160000000000001
0.1235109680351423 248.0502134423988 1.180000000000001
0.1234843397411054 248.0502134423988 1.200000000000001
0.1234576253454132 248.0502134423988 1.220000000000001
0.123430822396215 248.0502134423988 1.240000000000001
0.1234039284071809 248.0502134423988 1.260000000000001
0.1233769408594528 248.0502134423988 1.280000000000001
0.1233498572087817 248.0502134423988 1.300000000000001
0.1233226748813809 248.0502134423988 1.320000000000001
0.1232953912731259 248.0502134423988 1.340000000000001
0.1232680037373232 248.0502134423988 1.360000000000001
0.1232405096026336 248.0502134423988 1.380000000000001
0.1232129061744538 248.0502134423988 1.400000000000001
0.1231851907278219 248.0502134423988 1.420000000000001
0.1231573605123411 248.0502134423988 1.440000000000001
0.1231294127417805 248.0502134423988 1.460000000000001
0.1231013446021685 248.0502134423988 1.480000000000001
0.1230731532669813 248.0502134423988 1.500000000000001
0.1230448358775048 248.0502134423988 1.520000000000001
0.1230163895500394 248.0502134423988 1.540000000000001
0.1229878113721037 248.0502134423988 1.560000000000001
0.122959098402415 248.0502134423988 1.580000000000001
0.1229302476850211 248.0502134423988 1.600000000000001
0.1229012562304633 248.0502134423988 1.620000000000001
0.1228721210276769 248.0502134423988 1.640000000000001
0.12284283903811 248.0502134423988 1.660000000000001
0.1228134071923772 248.0502134423988 1.680000000000001
0.1227838224092544 248.0502134423988 1.700000000000001
0.1227540815809927 248.0502134423988 1.720000000000001
0.1227241815733222 248.0502134423988 1.740000000000001
0.1226941192252748 248.0502134423988 1.760000000000001
0.1226638913478427 248.0502134423988 1.780000000000001
0.12263349472323 248.0502134423988 1.800000000000001
0.1226029261291018 248.0502134423988 1.820000000000001
0.1225721823030433 248.0502134423988 1.840000000000001
0.122541259962684 248.0502134423988 1.860000000000001
0.1225101557900221 248.0502134423988 1.880000000000001
0.1224788664212363 248.0502134423988 1.900000000000001
0.1224473884724607 248.0502134423988 1.920000000000001
0.12241571855446 248.0502134423988 1.940000000000001
0.1223838532370745 248.0502134423988 1.960000000000001
0.1223517890674206 248.0502134423988 1.980000000000001
0.1223195225699425 248.0502134423988 2.000000000000001
0.1222870502164828 248.0502134423988 2.020000000000001
0.122254368456477 248.0502134423988 2.040000000000001
0.1222214737236281 248.0502134423988 2.060000000000001
0.1221883624063565 248.0502134423988 2.080000000000001
0.1221550308644268 248.0502134423988 2.100000000000001
0.1221214754307867 248.0502134423988 2.120000000000001
0.1220876923634393 248.0502134423988 2.140000000000001
0.1220536778844608 248.0502134423988 2.160000000000001
0.1220194282322192 248.0502134423988 2.180000000000001
0.1219849395942331 248.0502134423988 2.200000000000002
0.1219502081281751 248.0502134423988 2.220000000000002
0.1219152299215391 248.0502134423988 2.240000000000002
0.1218800010112674 248.0502134423988 2.260000000000002
0.1218445173977818 248.0502134423988 2.280000000000002
0.1218087750721892 248.0502134423988 2.300000000000002
0.1217727699817261 248.0502134423988 2.320000000000002
0.12173649803001 248.0502134423988 2.340000000000002
0.1216999550403804 248.0502134423988 2.360000000000002
0.121663136791425 248.0502134423988 2.380000000000002
0.1216260390518127 248.0502134423988 2.400000000000002
0.1215886575554014 248.0502134423988 2.420000000000002
0.1215509879767802 248.0502134423988 2.440000000000002
0.1215130259239944 248.0502134423988 2.460000000000002
0.1214747669055913 248.0502134423988 2.480000000000002
0.1214362063954116 248.0502134423988 2.500000000000002
0.1213973398504051 248.0502134423988 2.520000000000002
0.1213581626663186 248.0502134423988 2.540000000000002
0.1213186701452233 248.0502134423988 2.560000000000002
0.1212788575461099 248.0502134423988 2.580000000000002
0.1212387200788194 248.0502134423988 2.600000000000002
0.1211982529416419 248.0502134423988 2.620000000000002
0.1211574512244557 248.0502134423988 2.640000000000002
0.1211163098874537 248.0502134423988 2.660000000000002
0.1210748237773715 248.0502134423988 2.680000000000002
0.1210329877174654 248.0502134423988 2.700000000000002
0.1209907964615988 248.0502134423988 2.720000000000002
0.1209482447425604 248.0502134423988 2.740000000000002
0.1209053271933653 248.0502134423988 2.760000000000002
0.1208620383225386 248.0502134423988 2.780000000000002
0.1208183725425805 248.0502134423988 2.800000000000002
0.120774324170841 248.0502134423988 2.820000000000002
0.1207298874423129 248.0502134423988 2.840000000000002
0.1206850564411342 248.0502134423988 2.860000000000002
0.120639825027075 248.0502134423988 2.880000000000002
0.1205941869025985 248.0502134423988 2.900000000000002
0.1205481356660262 248.0502134423988 2.920000000000002
0.1205016649690775 248.0502134423988 2.940000000000002
0.120454768449194 248.0502134423988 2.960000000000002
0.1204074395697809 248.0502134423988 2.980000000000002
0.1203596716939691 248.0502134423988 3.000000000000002
0.1203114580758669 248.0502134423988 3.020000000000002
0.1202627917830886 248.0502134423988 3.040000000000002
0.1202136645695318 248.0502134423988 3.060000000000002
0.1201640679235827 248.0502134423988 3.080000000000002
0.1201139936923979 248.0502134423988 3.100000000000002
0.1200634336945168 248.0502134423988 3.120000000000002
0.1200123797300913 248.0502134423988 3.140000000000002
0.1199608235913045 248.0502134423988 3.160000000000002
0.1199087567198787 248.0502134423988 3.180000000000002
0.119856170162025 248.0502134423988 3.200000000000002
0.1198030545983819 248.0502134423988 3.220000000000002
0.1197493997162222 248.0502134423988 3.240000000000002
0.1196951947466527 248.0502134423988 3.260000000000002
0.1196404288857963 248.0502134423988 3.280000000000002
0.119585091052679 248.0502134423988 3.300000000000002
0.1195291698939878 248.0502134423988 3.320000000000003
0.1194726537797875 248.0502134423988 3.340000000000003
0.1194155306041582 248.0502134423988 3.360000000000003
0.1193577874042755 248.0502134423988 3.380000000000003
0.1192994105850878 248.0502134423988 3.400000000000003
0.1192403859704501 248.0502134423988 3.420000000000003
0.1191806987828117 248.0502134423988 3.440000000000003
0.1191203336138582 248.0502134423988 3.460000000000003
0.1190592744841916 248.0502134423988 3.480000000000003
0.1189975048608451 248.0502134423988 3.500000000000003
0.1189350075952567 248.0502134423988 3.520000000000003
0.118871764807699 248.0502134423988 3.540000000000003
0.1188077579902429 248.0502134423988 3.560000000000003
0.1187429678407186 248.0502134423988 3.580000000000003
0.1186773743222372 248.0502134423988 3.600000000000003
0.1186109567319154 248.0502134423988 3.620000000000003
0.1185436937658646 248.0502134423988 3.640000000000003
0.1184755632044675 248.0502134423988 3.660000000000003
0.1184065420092224 248.0502134423988 3.680000000000003
0.1183366063134338 248.0502134423988 3.700000000000003
0.1182657315895831 248.0502134423988 3.720000000000003
0.1181938928798389 248.0502134423988 3.740000000000003
0.1181210643740057 248.0502134423988 3.760000000000003
0.1180472199187048 248.0502134423988 3.780000000000003
0.11797233231049 248.0502134423988 3.800000000000003
0.117896373920046 248.0502134423988 3.820000000000003
0.1178193167134384 248.0502134423988 3.840000000000003
0.1177411322455029 248.0502134423988 3.860000000000003
0.1176617917100182 248.0502134423988 3.880000000000003
0.1175812661736063 248.0502134423988 3.900000000000003
0.1174995259535306 248.0502134423988 3.920000000000003
0.1174165410502897 248.0502134423988 3.940000000000003
0.1173322811450135 248.0502134423988 3.960000000000003
0.1172467159548057 248.0502134423988 3.980000000000003
0.1171598150903906 248.0502134423988 4.000000000000003
0.1170715481248668 248.0502134423988 4.020000000000002
0.1169818846527478 248.0502134423988 4.040000000000002
0.1168907947027068 248.0502134423988 4.060000000000001
0.116798249081018 248.0502134423988 4.080000000000001
0.1167042185771397 248.0502134423988 4.100000000000001
0.1166086750494391 248.0502134423988 4.12
0.1165115902106789 248.0502134423988 4.14
0.1164129349127821 248.0502134423988 4.159999999999999
0.1163126821651485 248.0502134423988 4.179999999999999
0.1162108061077418 248.0502134423988 4.199999999999998
0.1161072805090665 248.0502134423988 4.219999999999998
0.1160020807565253 248.0502134423988 4.239999999999998
0.1158951839281073 248.0502134423988 4.259999999999997
0.1157865689343671 248.0502134423988 4.279999999999997
0.1156762137352473 248.0502134423988 4.299999999999996
0.1155640993815693 248.0502134423988 4.319999999999996
0.1154502091033456 248.0502134423988 4.339999999999995
0.1153345286337399 248.0502134423988 4.359999999999995
0.1152170468788604 248.0502134423988 4.379999999999995
0.1150977536840852 248.0502134423988 4.399999999999994
0.1149766394111651 248.0502134423988 4.419999999999994
0.1148536990484744 248.0502134423988 4.439999999999993
0.1147289277113464 248.0502134423988 4.459999999999993
0.114602328519994 248.0502134423988 4.479999999999992
0.114473906338549 248.0502134423988 4.499999999999992
0.1143436706801636 248.0502134423988 4.519999999999992
0.1142116309747341 248.0502134423988 4.539999999999991
0.1140778014308916 248.0502134423988 4.559999999999991
0.1139422018199141 248.0502134423988 4.57999999999999
0.1138048565918544 248.0502134423988 4.59999999999999
0.1136657921938742 248.0502134423988 4.619999999999989
0.1135250364526941 248.0502134423988 4.639999999999989
0.1133826236964674 248.0502134423988 4.659999999999989
0.113238589090742 248.0502134423988 4.679999999999988
0.1130929722100465 248.0502134423988 4.699999999999988
0.1129458156187832 248.0502134423988 4.719999999999987
0.1127971616087436 248.0502134423988 4.739999999999987
0.1126470548643866 248.0502134423988 4.759999999999986
0.1124955394266741 248.0502134423988 4.779999999999986
0.1123426631909626 248.0502134423988 4.799999999999986
0.1121884762731289 248.0502134423988 4.819999999999985
0.1120330281737167 248.0502134423988 4.839999999999985
0.1118763661126916 248.0502134423988 4.859999999999984
0.1117185391606596 248.0502134423988 4.879999999999984
0.1115595945851079 248.0502134423988 4.899999999999983
0.1113995809510991 248.0502134423988 4.919999999999983
0.111238544941254 248.0502134423988 4.939999999999983
0.1110765339135226 248.0502134423988 4.959999999999982
0.1109135941685509 248.0502134423988 4.979999999999982
0.110749770759049 248.0502134423988 4.999999999999981
0.1105851070472454 248.0502134423988 5.019999999999981
0.1104196468376714 248.0502134423988 5.03999999999998
0.1102534323028243 248.0502134423988 5.05999999999998
0.11008650222722 248.0502134423988 5.07999999999998
0.109918894223268 248.0502134423988 5.099999999999979
0.1097506452883164 248.0502134423988 5.119999999999979
0.1095817893727895 248.0502134423988 5.139999999999978
0.1094123597076482 248.0502134423988 5.159999999999978
0.1092423889999231 248.0502134423988 5.179999999999978
0.1090719074684696 248.0502134423988 5.199999999999977
0.1089009438719153 248.0502134423988 5.219999999999977
0.1087295249381226 248.0502134423988 5.239999999999976
0.1085576769452666 248.0502134423988 5.259999999999976
0.1083854240782821 248.0502134423988 5.279999999999975
0.108212788918701 248.0502134423988 5.299999999999975
0.1080397930192157 248.0502134423988 5.319999999999975
0.1078664567343193 248.0502134423988 5.339999999999974
0.107692798535668 248.0502134423988 5.359999999999974
0.1075188351397415 248.0502134423988 5.379999999999973
0.1073445811495906 248.0502134423988 5.399999999999973
0.1071700496394983 248.0502134423988 5.419999999999972
0.1069952530251547 248.0502134423988 5.439999999999972
0.1068202025744883 248.0502134423988 5.459999999999972
0.1066449093365253 248.0502134423988 5.479999999999971
0.1064693820586985 248.0502134423988 5.499999999999971
0.1062936283297349 248.0502134423988 5.51999999999997
0.1061176552754117 248.0502134423988 5.53999999999997
0.1059414699700653 248.0502134423988 5.559999999999969
0.1057650781281977 248.0502134423988 5.579999999999969
0.1055884832255024 248.0502134423988 5.599999999999969
0.1054116878755809 248.0502134423988 5.619999999999968
0.1052346945699119 248.0502134423988 5.639999999999968
0.1050575057607189 248.0502134423988 5.659999999999967
0.1048801224278498 248.0502134423988 5.679999999999967
0.1047025456255424 248.0502134423988 5.699999999999966
0.1045247756395155 248.0502134423988 5.719999999999966
0.1043468125760535 248.0502134423988 5.739999999999966
0.1041686566367744 248.0502134423988 5.759999999999965
0.1039903072866217 248.0502134423988 5.779999999999965
0.1038117634346077 248.0502134423988 5.799999999999964
0.1036330232833417 248.0502134423988 5.819999999999964
0.1034540849036053 248.0502134423988 5.839999999999963
0.1032749465647959 248.0502134423988 5.859999999999963
0.103095606238111 248.0502134423988 5.879999999999963
0.1029160621916774 248.0502134423988 5.899999999999962
0.1027363136083179 248.0502134423988 5.919999999999962
0.1025563598411909 248.0502134423988 5.939999999999961
0.1023762005233321 248.0502134423988 5.959999999999961
0.102195834999573 248.0502134423988 5.97999999999996
0.1020152639798613 248.0502134423988 5.99999999999996
0.1018344885602521 248.0502134423988 6.01999999999996
0.1016535101065508 248.0502134423988 6.039999999999959
0.1014723309052489 248.0502134423988 6.059999999999959
0.101290954324197 248.0502134423988 6.079999999999958
0.1011093843864841 248.0502134423988 6.099999999999958
0.1009276247499408 248.0502134423988 6.119999999999957
0.1007456799793995 248.0502134423988 6.139999999999957
0.1005635554646416 248.0502134423988 6.159999999999957
0.1003812556972568 248.0502134423988 6.179999999999956
0.1001987851101913 248.0502134423988 6.199999999999956
0.1000161492293564 248.0502134423988 6.219999999999955
0.09983335462912787 248.0502134423988 6.239999999999955
0.09965040708869714 248.0502134423988 6.259999999999954
0.09946731277561728 248.0502134423988 6.279999999999954
0.09928407790617341 248.0502134423988 6.299999999999954
0.09910070939831547 248.0502134423988 6.319999999999953
0.09891721375316044 248.0502134423988 6.339999999999953
0.09873359725967672 248.0502134423988 6.359999999999952
0.0985498657710214 248.0502134423988 6.379999999999952
0.09836602390652226 248.0502134423988 6.399999999999952
0.09818207660527449 248.0502134423988 6.419999999999951
0.09799802887611796 248.0502134423988 6.439999999999951
0.09781388429811459 248.0502134423988 6.45999999999995
0.09762964660863199 248.0502134423988 6.47999999999995
0.0974453174039869 248.0502134423988 6.499999999999949
0.09726089787110875 248.0502134423988 6.519999999999949
0.09707638774405129 248.0502134423988 6.539999999999949
0.09689178639798848 248.0502134423988 6.559999999999948
0.09670709194328785 248.0502134423988 6.579999999999948
0.0965223022477074 248.0502134423988 6.599999999999947
0.09633741429511175 248.0502134423988 6.619999999999947
0.09615242419817571 248.0502134423988 6.639999999999946
0.09596732692581382 248.0502134423988 6.659999999999946
0.09578211741179296 248.0502134423988 6.679999999999946
0.09559678908293967 248.0502134423988 6.699999999999945
0.0954113323835708 248.0502134423988 6.719999999999945
0.0952257368460558 248.0502134423988 6.739999999999944
0.09503999283109908 248.0502134423988 6.759999999999944
0.09485408880464373 248.0502134423988 6.779999999999943
0.09466801270638484 248.0502134423988 6.799999999999943
0.09448175333218804 248.0502134423988 6.819999999999943
0.09429529865129541 248.0502134423988 6.839999999999942
0.09410863633427799 248.0502134423988 6.859999999999942
0.09392175332597662 248.0502134423988 6.879999999999941
0.09373463586972619 248.0502134423988 6.899999999999941
0.09354727006397685 248.0502134423988 6.91999999999994
0.093359640028605 248.0502134423988 6.93999999999994
0.09317172975155714 248.0502134423988 6.95999999999994
0.09298352280549398 248.0502134423988 6.979999999999939
0.09279500227496688 248.0502134423988 6.999999999999939
0.09260615172150632 248.0502134423988 7.019999999999938
0.0924169545523819 248.0502134423988 7.039999999999938
0.092227395184341 248.0502134423988 7.059999999999937
0.09203745820605463 248.0502134423988 7.079999999999937
0.09184712789751985 248.0502134423988 7.099999999999937
0.09165638832259475 248.0502134423988 7.119999999999936
0.09146522314245978 248.0502134423988 7.139999999999936
0.0912736153116733 248.0502134423988 7.159999999999935
0.09108155000791962 248.0502134423988 7.179999999999935
0.09088901143212866 248.0502134423988 7.199999999999934
0.09069598265771467 248.0502134423988 7.219999999999934
0.09050244593811954 248.0502134423988 7.239999999999934
0.09030838691878272 248.0502134423988 7.259999999999933
0.09011379231265074 248.0502134423988 7.279999999999933
0.08991864811760379 248.0502134423988 7.299999999999932
0.08972293947838474 248.0502134423988 7.319999999999932
0.08952665146907837 248.0502134423988 7.339999999999931
0.08932977100664823 248.0502134423988 7.359999999999931
0.08913228341216833 248.0502134423988 7.379999999999931
0.08893417691298859 248.0502134423988 7.39999999999993
0.08873544039937868 248.0502134423988 7.41999999999993
0.08853606346475541 248.0502134423988 7.439999999999929
0.08833603443864352 248.0502134423988 7.459999999999929
0.08813534081919742 248.0502134423988 7.479999999999928
0.08793396948807791 248.0502134423988 7.499999999999928
0.08773190704817754 248.0502134423988 7.519999999999928
0.08752914049058433 248.0502134423988 7.539999999999927
0.08732565893835471 248.0502134423988 7.559999999999927
0.08712145347259299 248.0502134423988 7.579999999999926
0.086916514382506 248.0502134423988 7.599999999999926
0.08671083130789818 248.0502134423988 7.619999999999925
0.08650439308434189 248.0502134423988 7.639999999999925
0.08629718980695017 248.0502134423988 7.659999999999925
0.08608921397906974 248.0502134423988 7.679999999999924
0.08588045877951668 248.0502134423988 7.699999999999924
0.08567091733568824 248.0502134423988 7.719999999999923
0.08546058203796836 248.0502134423988 7.739999999999923
0.08524944521542606 248.0502134423988 7.759999999999923
0.08503750018892171 248.0502134423988 7.779999999999922
0.08482474147704898 248.0502134423988 7.799999999999922
0.084611163561743 248.0502134423988 7.819999999999921
0.08439676198012425 248.0502134423988 7.839999999999921
0.08418153428184301 248.0502134423988 7.85999999999992
0.08396547959020664 248.0502134423988 7.87999999999992
0.08374859463137418 248.0502134423988 7.89999999999992
0.083530879863881 248.0502134423988 7.919999999999919
0.08331233864438949 248.0502134423988 7.939999999999919
0.08309297534764726 248.0502134423988 7.959999999999918
0.08287279593901631 248.0502134423988 7.979999999999918
0.08265180475478895 248.0502134423988 7.999999999999917
0.08243001089291788 248.0502134423988 8.019999999999918
0.08220742520574639 248.0502134423988 8.039999999999917
0.08198405764309148 248.0502134423988 8.059999999999917
0.08175992150710579 248.0502134423988 8.079999999999917
0.08153503243423782 248.0502134423988 8.099999999999916
0.08130940159703202 248.0502134423988 8.119999999999916
0.08108304989922852 248.0502134423988 8.139999999999915
0.08085600184779851 248.0502134423988 8.159999999999915
0.08062828837755004 248.0502134423988 8.179999999999914
0.08039993935803479 248.0502134423988 8.199999999999914
0.08017098687131467 248.0502134423988 8.219999999999914
0.07994146381775533 248.0502134423988 8.239999999999913
0.07971139781944817 248.0502134423988 8.259999999999913
0.07948082249703246 248.0502134423988 8.279999999999912
0.07924977884202426 248.0502134423988 8.299999999999912
0.07901831067981113 248.0502134423988 8.319999999999911
0.07878646279190338 248.0502134423988 8.339999999999911
0.07855428027571286 248.0502134423988 8.359999999999911
0.07832180862718638 248.0502134423988 8.37999999999991
0.07808910117801895 248.0502134423988 8.39999999999991
0.07785621668375932 248.0502134423988 8.419999999999909
0.07762320634763258 248.0502134423988 8.439999999999909
0.07739011909508213 248.0502134423988 8.459999999999908
0.07715700972758145 248.0502134423988 8.479999999999908
0.07692393124489656 248.0502134423988 8.499999999999908
0.07669093366650279 248.0502134423988 8.519999999999907
0.07645806834058269 248.0502134423988 8.539999999999907
0.07622538513018715 248.0502134423988 8.559999999999906
0.07599293310523737 248.0502134423988 8.579999999999906
0.07576076466806372 248.0502134423988 8.599999999999905
0.07552892217080646 248.0502134423988 8.619999999999905
0.07529744730336944 248.0502134423988 8.639999999999905
0.07506638081832805 248.0502134423988 8.659999999999904
0.07483576216073304 248.0502134423988 8.679999999999904
0.07460562598094352 248.0502134423988 8.699999999999903
0.07437600582288258 248.0502134423988 8.719999999999903
0.07414693419162714 248.0502134423988 8.739999999999903
0.0739184367218098 248.0502134423988 8.759999999999902
0.07369053427266045 248.0502134423988 8.779999999999902
0.0734632439446337 248.0502134423988 8.799999999999901
0.07323658004430524 248.0502134423988 8.819999999999901
0.07301056588005755 248.0502134423988 8.8399999999999
0.07278521682963456 248.0502134423988 8.8599999999999
0.07256054756543566 248.0502134423988 8.8799999999999
0.07233657345622518 248.0502134423988 8.899999999999899
0.07211331025526255 248.0502134423988 8.919999999999899
0.07189077671098143 248.0502134423988 8.939999999999898
0.07166899120699317 248.0502134423988 8.959999999999898
0.07144797007587826 248.0502134423988 8.979999999999897
0.07122773251062109 248.0502134423988 8.999999999999897
0.07100829591451165 248.0502134423988 9.019999999999897
0.07078967416676715 248.0502134423988 9.039999999999896
0.07057187947019666 248.0502134423988 9.059999999999896
0.07035493203971203 248.0502134423988 9.079999999999895
0.07013884491030851 248.0502134423988 9.099999999999895
0.06992363369274773 248.0502134423988 9.119999999999894
0.0697093165173291 248.0502134423988 9.139999999999894
0.06949590331737275 248.0502134423988 9.159999999999894
0.06928339757277606 248.0502134423988 9.179999999999893
0.06907180704052493 248.0502134423988 9.199999999999893
0.0688611386446769 248.0502134423988 9.219999999999892
0.06865140124289433 248.0502134423988 9.239999999999892
0.06844261491547612 248.0502134423988 9.259999999999891
0.06823478928817438 248.0502134423988 9.279999999999891
0.06802792994270575 248.0502134423988 9.299999999999891
0.06782205130457455 248.0502134423988 9.31999999999989
0.06761716020346341 248.0502134423988 9.33999999999989
0.06741327302860375 248.0502134423988 9.359999999999889
0.06721040305475609 248.0502134423988 9.379999999999889
0.06700855252222038 248.0502134423988 9.399999999999888
0.06680772271266207 248.0502134423988 9.419999999999888
0.06660790671836987 248.0502134423988 9.439999999999888
0.06640910577291903 248.0502134423988 9.459999999999887
0.06621132195387201 248.0502134423988 9.479999999999887
0.06601455134491781 248.0502134423988 9.499999999999886
0.06581879214269291 248.0502134423988 9.519999999999886
0.06562403096769864 248.0502134423988 9.539999999999885
0.0654302485992901 248.0502134423988 9.559999999999885
0.06523742682745554 248.0502134423988 9.579999999999885
0.06504554304513387 248.0502134423988 9.599999999999884
0.0648545722943235 248.0502134423988 9.619999999999884
0.06466447953712197 248.0502134423988 9.639999999999883
0.06447522957558739 248.0502134423988 9.659999999999883
0.06428678672791266 248.0502134423988 9.679999999999882
0.06409911653238907 248.0502134423988 9.699999999999882
0.0639121810503208 248.0502134423988 9.719999999999882
0.06372594895746345 248.0502134423988 9.739999999999881
0.06354038806974042 248.0502134423988 9.759999999999881
0.06335546666454213 248.0502134423988 9.77999999999988
0.06317115130091637 248.0502134423988 9.79999999999988
0.06298741491465537 248.0502134423988 9.819999999999879
0.06280423609022139 248.0502134423988 9.839999999999879
0.06262159105678729 248.0502134423988 9.859999999999879
0.06243945419281219 248.0502134423988 9.879999999999878
0.06225780337876146 248.0502134423988 9.899999999999878
0.06207662146267849 248.0502134423988 9.919999999999877
0.06189589151174643 248.0502134423988 9.939999999999877
0.06171558847111159 248.0502134423988 9.959999999999877
0.06153568745610535 248.0502134423988 9.979999999999876
0.06135617237176971 248.0502134423988 9.999999999999876
0.06117702564563607 248.0502134423988 10.01999999999988
0.06099823204237177 248.0502134423988 10.03999999999987
0.06081978126253174 248.0502134423988 10.05999999999987
0.06064166117446117 248.0502134423988 10.07999999999987
0.06046386135538822 248.0502134423988 10.09999999999987
0.06028637059462711 248.0502134423988 10.11999999999987
0.06010917397633088 248.0502134423988 10.13999999999987
0.05993225934756402 248.0502134423988 10.15999999999987
0.05975561855981208 248.0502134423988 10.17999999999987
0.0595792428683414 248.0502134423988 10.19999999999987
0.05940312350281682 248.0502134423988 10.21999999999987
0.05922725004073481 248.0502134423988 10.23999999999987
0.05905161710900726 248.0502134423988 10.25999999999987
0.05887622515819472 248.0502134423988 10.27999999999987
0.05870107625331161 248.0502134423988 10.29999999999987
0.05852616851436601 248.0502134423988 10.31999999999987
0.05835149992756866 248.0502134423988 10.33999999999987
0.0581770714720688 248.0502134423988 10.35999999999987
0.05800288409127691 248.0502134423988 10.37999999999987
0.05782894243434495 248.0502134423988 10.39999999999987
0.05765525279165097 248.0502134423988 10.41999999999987
0.05748181967826368 248.0502134423988 10.43999999999987
0.05730864770715136 248.0502134423988 10.45999999999987
0.05713574277696647 248.0502134423988 10.47999999999987
0.05696311140031517 248.0502134423988 10.49999999999986
0.05679076110501845 248.0502134423988 10.51999999999986
0.05661870411149408 248.0502134423988 10.53999999999986
0.05644694661700572 248.0502134423988 10.55999999999986
0.0562754942522961 248.0502134423988 10.57999999999986
0.05610435313650924 248.0502134423988 10.59999999999986
0.05593353230451171 248.0502134423988 10.61999999999986
0.05576304231438929 248.0502134423988 10.63999999999986
0.05559289040852261 248.0502134423988 10.65999999999986
0.05542308367335125 248.0502134423988 10.67999999999986
0.05525362751989153 248.0502134423988 10.69999999999986
0.05508452837803578 248.0502134423988 10.71999999999986
0.05491579575091973 248.0502134423988 10.73999999999986
0.05474743954595876 248.0502134423988 10.75999999999986
0.05457946982927735 248.0502134423988 10.77999999999986
0.05441189239071007 248.0502134423988 10.79999999999986
0.05424471392165711 248.0502134423988 10.81999999999986
0.0540779450162323 248.0502134423988 10.83999999999986
0.05391159447686079 248.0502134423988 10.85999999999986
0.05374566811717277 248.0502134423988 10.87999999999986
0.05358017720003057 248.0502134423988 10.89999999999986
0.05341513326027822 248.0502134423988 10.91999999999986
0.05325054324486272 248.0502134423988 10.93999999999986
0.05308641669864683 248.0502134423988 10.95999999999986
0.05292276424773064 248.0502134423988 10.97999999999985
0.05275959639066067 248.0502134423988 10.99999999999985
0.0525969250549536 248.0502134423988 11.01999999999985
0.05243476079164468 248.0502134423988 11.03999999999985
0.05227311699094114 248.0502134423988 11.05999999999985
0.05211200425134464 248.0502134423988 11.07999999999985
0.05195143342011129 248.0502134423988 11.09999999999985
0.05179141525636002 248.0502134423988 11.11999999999985
0.05163196308626789 248.0502134423988 11.13999999999985
0.0514730909120224 248.0502134423988 11.15999999999985
0.05131481424715809 248.0502134423988 11.17999999999985
0.05115714600421179 248.0502134423988 11.19999999999985
0.05100009733649108 248.0502134423988 11.21999999999985
0.05084367842888671 248.0502134423988 11.23999999999985
0.05068789999156482 248.0502134423988 11.25999999999985
0.0505327746466235 248.0502134423988 11.27999999999985
0.05037831622518914 248.0502134423988 11.29999999999985
0.0502245386147927 248.0502134423988 11.31999999999985
0.05007145465293023 248.0502134423988 11.33999999999985
0.04991907384324887 248.0502134423988 11.35999999999985
0.04976740572848658 248.0502134423988 11.37999999999985
0.04961646116607533 248.0502134423988 11.39999999999985
0.04946625039528797 248.0502134423988 11.41999999999985
0.04931678106372875 248.0502134423988 11.43999999999984
0.04916806134901015 248.0502134423988 11.45999999999984
0.0490201004455847 248.0502134423988 11.47999999999984
0.04887290499882051 248.0502134423988 11.49999999999984
0.04872648014861442 248.0502134423988 11.51999999999984
0.0485808332609594 248.0502134423988 11.53999999999984
0.04843597114622619 248.0502134423988 11.55999999999984
0.04829190041265219 248.0502134423988 11.57999999999984
0.04814862579720689 248.0502134423988 11.59999999999984
0.04800615428669716 248.0502134423988 11.61999999999984
0.04786448911314467 248.0502134423988 11.63999999999984
0.04772363465778112 248.0502134423988 11.65999999999984
0.04758359484873264 248.0502134423988 11.67999999999984
0.04744437424610415 248.0502134423988 11.69999999999984
0.04730597899103437 248.0502134423988 11.71999999999984
0.04716841245843061 248.0502134423988 11.73999999999984
0.04703167747977069 248.0502134423988 11.75999999999984
0.04689577758599615 248.0502134423988 11.77999999999984
0.04676071706105493 248.0502134423988 11.79999999999984
0.04662649913776465 248.0502134423988 11.81999999999984
0.04649312562670072 248.0502134423988 11.83999999999984
0.04636059474476614 248.0502134423988 11.85999999999984
0.04622890632787365 248.0502134423988 11.87999999999984
0.04609806108969536 248.0502134423988 11.89999999999984
0.04596805979760078 248.0502134423988 11.91999999999983
0.04583890313920125 248.0502134423988 11.93999999999983
0.0457105903726891 248.0502134423988 11.95999999999983
0.04558312184883154 248.0502134423988 11.97999999999983
0.04545649778742129 248.0502134423988 11.99999999999983
0.04533071526765173 248.0502134423988 12.01999999999983
0.04520577015076895 248.0502134423988 12.03999999999983
0.04508165955430719 248.0502134423988 12.05999999999983
0.04495838186524201 248.0502134423988 12.07999999999983
0.04483593682552905 248.0502134423988 12.09999999999983
0.0447143219304117 248.0502134423988 12.11999999999983
0.0445935317869757 248.0502134423988 12.13999999999983
0.04447356000152231 248.0502134423988 12.15999999999983
0.0443544017940071 248.0502134423988 12.17999999999983
0.04423605216921391 248.0502134423988 12.19999999999983
0.04411850610530637 248.0502134423988 12.21999999999983
0.04400175888826013 248.0502134423988 12.23999999999983
0.0438858053175535 248.0502134423988 12.25999999999983
0.0437706402888479 248.0502134423988 12.27999999999983
0.04365625749624119 248.0502134423988 12.29999999999983
0.04354264941135223 248.0502134423988 12.31999999999983
0.04342980938707073 248.0502134423988 12.33999999999983
0.04331772941216615 248.0502134423988 12.35999999999983
0.04320640368094811 248.0502134423988 12.37999999999982
0.04309582757089377 248.0502134423988 12.39999999999982
0.04298599610593654 248.0502134423988 12.41999999999982
0.04287690191860557 248.0502134423988 12.43999999999982
0.04276853777357264 248.0502134423988 12.45999999999982
0.04266089634137516 248.0502134423988 12.47999999999982
0.04255396979720482 248.0502134423988 12.49999999999982
0.04244775046596513 248.0502134423988 12.51999999999982
0.04234223059388192 248.0502134423988 12.53999999999982
0.04223740387314052 248.0502134423988 12.55999999999982
0.04213326431114978 248.0502134423988 12.57999999999982
0.04202980502381978 248.0502134423988 12.59999999999982
0.04192701868107727 248.0502134423988 12.61999999999982
0.04182489712898744 248.0502134423988 12.63999999999982
0.04172343368282248 248.0502134423988 12.65999999999982
0.04162262080933832 248.0502134423988 12.67999999999982
0.04152245090527342 248.0502134423988 12.69999999999982
0.04142291564115377 248.0502134423988 12.71999999999982
0.04132400731966358 248.0502134423988 12.73999999999982
0.04122571874186011 248.0502134423988 12.75999999999982
0.04112804246969488 248.0502134423988 12.77999999999982
0.04103097022575987 248.0502134423988 12.79999999999982
0.04093449542735992 248.0502134423988 12.81999999999982
0.04083861103890857 248.0502134423988 12.83999999999982
0.04074330893850197 248.0502134423988 12.85999999999981
0.04064858182020756 248.0502134423988 12.87999999999981
0.04055442249071009 248.0502134423988 12.89999999999981
0.04046082345205263 248.0502134423988 12.91999999999981
0.0403677777963424 248.0502134423988 12.93999999999981
0.04027527868195748 248.0502134423988 12.95999999999981
0.04018332010369196 248.0502134423988 12.97999999999981
0.04009189592849993 248.0502134423988 12.99999999999981
0.04000100020637058 248.0502134423988 13.01999999999981
0.03991062616481888 248.0502134423988 13.03999999999981
0.03982076728714987 248.0502134423988 13.05999999999981
0.03973141721944681 248.0502134423988 13.07999999999981
0.03964256986077449 248.0502134423988 13.09999999999981
0.03955421912185483 248.0502134423988 13.11999999999981
0.03946636054342878 248.0502134423988 13.13999999999981
0.0393789892342026 248.0502134423988 13.15999999999981
0.03929210044837969 248.0502134423988 13.17999999999981
0.03920568985725096 248.0502134423988 13.19999999999981
0.03911975199841077 248.0502134423988 13.21999999999981
0.03903428158975053 248.0502134423988 13.23999999999981
0.03894927337724793 248.0502134423988 13.25999999999981
0.03886472167031328 248.0502134423988 13.27999999999981
0.03878062185821762 248.0502134423988 13.29999999999981
0.03869696819952424 248.0502134423988 13.3199999999998
0.03861375457960491 248.0502134423988 13.3399999999998
0.0385309758193386 248.0502134423988 13.3599999999998
0.03844862718930129 248.0502134423988 13.3799999999998
0.03836670311677596 248.0502134423988 13.3999999999998
0.03828519867671199 248.0502134423988 13.4199999999998
0.03820410853603161 248.0502134423988 13.4399999999998
0.03812342847421038 248.0502134423988 13.4599999999998
0.03804315438259922 248.0502134423988 13.4799999999998
0.03796328140243896 248.0502134423988 13.4999999999998
0.03788380489829055 248.0502134423988 13.5199999999998
0.03780472044438198 248.0502134423988 13.5399999999998
0.03772602350700776 248.0502134423988 13.5599999999998
0.03764770991142837 248.0502134423988 13.5799999999998
0.03756977555339971 248.0502134423988 13.5999999999998
0.03749221634286226 248.0502134423988 13.6199999999998
0.037415028534878 248.0502134423988 13.6399999999998
0.03733820751154004 248.0502134423988 13.6599999999998
0.0372617495770295 248.0502134423988 13.6799999999998
0.03718565138838507 248.0502134423988 13.6999999999998
0.03710990914433891 248.0502134423988 13.7199999999998
0.03703451837852219 248.0502134423988 13.7399999999998
0.03695947456459405 248.0502134423988 13.7599999999998
0.03688477400123726 248.0502134423988 13.7799999999998
0.03681041330772759 248.0502134423988 13.79999999999979
0.03673638905528537 248.0502134423988 13.81999999999979
0.03666269768333202 248.0502134423988 13.83999999999979
0.03658933599721781 248.0502134423988 13.85999999999979
0.03651630042054264 248.0502134423988 13.87999999999979
0.03644358733214684 248.0502134423988 13.89999999999979
0.03637119341424481 248.0502134423988 13.91999999999979
0.03629911520177447 248.0502134423988 13.93999999999979
0.0362273494469178 248.0502134423988 13.95999999999979
0.03615589272135873 248.0502134423988 13.97999999999979
0.03608474177345544 248.0502134423988 13.99999999999979
0.03601389322168399 248.0502134423988 14.01999999999979
0.03594334344465754 248.0502134423988 14.03999999999979
0.03587308884859174 248.0502134423988 14.05999999999979
0.03580312601092665 248.0502134423988 14.07999999999979
0.03573345148288765 248.0502134423988 14.09999999999979
0.03566406169116166 248.0502134423988 14.11999999999979
0.03559495344057113 248.0502134423988 14.13999999999979
0.03552612408944936 248.0502134423988 14.15999999999979
0.03545757048649954 248.0502134423988 14.17999999999979
0.03538928932391626 248.0502134423988 14.19999999999979
0.03532127699583643 248.0502134423988 14.21999999999979
0.03525353003370853 248.0502134423988 14.23999999999979
0.03518604459507833 248.0502134423988 14.25999999999978
0.03511881741768001 248.0502134423988 14.27999999999978
0.03505184506949664 248.0502134423988 14.29999999999978
0.03498512436266019 248.0502134423988 14.31999999999978
0.0349186519065694 248.0502134423988 14.33999999999978
0.03485242465055598 248.0502134423988 14.35999999999978
0.03478644035131712 248.0502134423988 14.37999999999978
0.0347206967734995 248.0502134423988 14.39999999999978
0.03465519189514843 248.0502134423988 14.41999999999978
0.03458992325490831 248.0502134423988 14.43999999999978
0.03452488808935849 248.0502134423988 14.45999999999978
0.03446008384253068 248.0502134423988 14.47999999999978
0.03439550777193292 248.0502134423988 14.49999999999978
0.03433115731452284 248.0502134423988 14.51999999999978
0.03426703027050559 248.0502134423988 14.53999999999978
0.03420312428239228 248.0502134423988 14.55999999999978
0.03413943701399735 248.0502134423988 14.57999999999978
0.03407596628268041 248.0502134423988 14.59999999999978
0.03401270998207841 248.0502134423988 14.61999999999978
0.03394966614986267 248.0502134423988 14.63999999999978
0.03388683268620815 248.0502134423988 14.65999999999978
0.03382420776109587 248.0502134423988 14.67999999999978
0.03376178976672176 248.0502134423988 14.69999999999978
0.03369957696957359 248.0502134423988 14.71999999999978
0.03363756739703899 248.0502134423988 14.73999999999977
0.03357575914644524 248.0502134423988 14.75999999999977
0.03351415027251931 248.0502134423988 14.77999999999977
0.033452739124386 248.0502134423988 14.79999999999977
0.03339152430769367 248.0502134423988 14.81999999999977
0.03333050412323403 248.0502134423988 14.83999999999977
0.03326967683643845 248.0502134423988 14.85999999999977
0.03320904025048078 248.0502134423988 14.87999999999977
0.03314859214960809 248.0502134423988 14.89999999999977
0.03308833014659152 248.0502134423988 14.91999999999977
0.03302825235180699 248.0502134423988 14.93999999999977
0.03296835746548808 248.0502134423988 14.95999999999977
0.03290864426790395 248.0502134423988 14.97999999999977
0.03284911156214215 248.0502134423988 14.99999999999977
0.03278975787902673 248.0502134423988 15.01999999999977
0.03273058234913325 248.0502134423988 15.03999999999977
0.03267158394072733 248.0502134423988 15.05999999999977
0.03261276154046736 248.0502134423988 15.07999999999977
0.03255411408720489 248.0502134423988 15.09999999999977
0.03249564065724516 248.0502134423988 15.11999999999977
0.03243734031137405 248.0502134423988 15.13999999999977
0.03237921194013286 248.0502134423988 15.15999999999977
0.03232125426749308 248.0502134423988 15.17999999999977
0.03226346668837582 248.0502134423988 15.19999999999976
0.03220584879979074 248.0502134423988 15.21999999999976
0.0321483998734447 248.0502134423988 15.23999999999976
0.03209111926228828 248.0502134423988 15.25999999999976
0.03203400615073147 248.0502134423988 15.27999999999976
0.03197706001352735 248.0502134423988 15.29999999999976
0.03192027992672516 248.0502134423988 15.31999999999976
0.03186366459046584 248.0502134423988 15.33999999999976
0.03180721299363894 248.0502134423988 15.35999999999976
0.03175092405552175 248.0502134423988 15.37999999999976
0.03169479706897452 248.0502134423988 15.39999999999976
0.03163883133346692 248.0502134423988 15.41999999999976
0.03158302629057588 248.0502134423988 15.43999999999976
0.03152738163807461 248.0502134423988 15.45999999999976
0.031471896881271 248.0502134423988 15.47999999999976
0.03141657189061597 248.0502134423988 15.49999999999976
0.03136140676768266 248.0502134423988 15.51999999999976
0.03130640092569262 248.0502134423988 15.53999999999976
0.03125155393951264 248.0502134423988 15.55999999999976
0.03119686522291955 248.0502134423988 15.57999999999976
0.03114233427250436 248.0502134423988 15.59999999999976
0.03108796054516375 248.0502134423988 15.61999999999976
0.03103374332278055 248.0502134423988 15.63999999999976
0.03097968198269193 248.0502134423988 15.65999999999976
0.03092577557365443 248.0502134423988 15.67999999999975
0.03087202346233441 248.0502134423988 15.69999999999975
0.03081842570135855 248.0502134423988 15.71999999999975
0.03076498186107246 248.0502134423988 15.73999999999975
0.03071169189411231 248.0502134423988 15.75999999999975
0.03065855609858668 248.0502134423988 15.77999999999975
0.03060557521031846 248.0502134423988 15.79999999999975
0.03055274925313195 248.0502134423988 15.81999999999975
0.03050007776520836 248.0502134423988 15.83999999999975
0.03044756013970642 248.0502134423988 15.85999999999975
0.03039519624296065 248.0502134423988 15.87999999999975
0.03034298599852377 248.0502134423988 15.89999999999975
0.03029092848439242 248.0502134423988 15.91999999999975
0.0302390226050226 248.0502134423988 15.93999999999975
0.03018726768539699 248.0502134423988 15.95999999999975
0.03013566337686163 248.0502134423988 15.97999999999975
0.03008420986543668 248.0502134423988 15.99999999999975
0.03003290745390707 248.0502134423988 16.01999999999975
0.02998175643995834 248.0502134423988 16.03999999999975
0.02993075664918671 248.0502134423988 16.05999999999975
0.02987990735694836 248.0502134423988 16.07999999999975
0.02982920801742518 248.0502134423988 16.09999999999975
0.02977865779779565 248.0502134423988 16.11999999999975
0.02972825639625848 248.0502134423988 16.13999999999974
0.02967800294652116 248.0502134423988 16.15999999999974
0.02962789667879102 248.0502134423988 16.17999999999974
0.02957793705317388 248.0502134423988 16.19999999999974
0.02952812353113287 248.0502134423988 16.21999999999974
0.02947845572578075 248.0502134423988 16.23999999999974
0.02942893357884459 248.0502134423988 16.25999999999974
0.02937955693918975 248.0502134423988 16.27999999999974
0.02933032531353778 248.0502134423988 16.29999999999974
0.02928123798846182 248.0502134423988 16.31999999999974
0.02923229405895627 248.0502134423988 16.33999999999974
0.02918349290267089 248.0502134423988 16.35999999999974
0.02913483400278201 248.0502134423988 16.37999999999974
0.02908631690962475 248.0502134423988 16.39999999999974
0.02903794113128965 248.0502134423988 16.41999999999974
0.02898970612772545 248.0502134423988 16.43999999999974
0.02894161158467105 248.0502134423988 16.45999999999974
0.02889365698932476 248.0502134423988 16.47999999999974
0.0288458418775638 248.0502134423988 16.49999999999974
0.02879816547388453 248.0502134423988 16.51999999999974
0.02875062676952878 248.0502134423988 16.53999999999974
0.02870322465853478 248.0502134423988 16.55999999999974
0.02865595842764603 248.0502134423988 16.57999999999974
0.02860882735685317 248.0502134423988 16.59999999999973
0.0285618310066941 248.0502134423988 16.61999999999973
0.02851496870462772 248.0502134423988 16.63999999999973
0.02846823997946206 248.0502134423988 16.65999999999973
0.0284216442846486 248.0502134423988 16.67999999999973
0.02837518109364284 248.0502134423988 16.69999999999973
0.02832884950006059 248.0502134423988 16.71999999999973
0.02828264836790631 248.0502134423988 16.73999999999973
0.02823657689349279 248.0502134423988 16.75999999999973
0.02819063431447464 248.0502134423988 16.77999999999973
0.02814482004121274 248.0502134423988 16.79999999999973
0.0280991334694364 248.0502134423988 16.81999999999973
0.02805357393584242 248.0502134423988 16.83999999999973
0.0280081410088117 248.0502134423988 16.85999999999973
0.02796283439218378 248.0502134423988 16.87999999999973
0.02791765337029951 248.0502134423988 16.89999999999973
0.02787259688373851 248.0502134423988 16.91999999999973
0.02782766411947873 248.0502134423988 16.93999999999973
0.02778285448765714 248.0502134423988 16.95999999999973
0.02773816745410384 248.0502134423988 16.97999999999973
0.02769360267647254 248.0502134423988 16.99999999999973
0.02764915950901838 248.0502134423988 17.01999999999973
0.02760483742574009 248.0502134423988 17.03999999999973
0.02756063589943362 248.0502134423988 17.05999999999973
0.02751655461984035 248.0502134423988 17.07999999999972
0.02747259315219414 248.0502134423988 17.09999999999972
0.02742875064612386 248.0502134423988 17.11999999999972
0.02738502646490492 248.0502134423988 17.13999999999972
0.02734142003975413 248.0502134423988 17.15999999999972
0.02729793098635851 248.0502134423988 17.17999999999972
0.02725455894252067 248.0502134423988 17.19999999999972
0.02721130333896805 248.0502134423988 17.21999999999972
0.02716816368682284 248.0502134423988 17.23999999999972
0.02712513956699524 248.0502134423988 17.25999999999972
0.02708223017505518 248.0502134423988 17.27999999999972
0.02703943499790787 248.0502134423988 17.29999999999972
0.02699675354419304 248.0502134423988 17.31999999999972
0.02695418518973878 248.0502134423988 17.33999999999972
0.02691172928464819 248.0502134423988 17.35999999999972
0.02686938531223977 248.0502134423988 17.37999999999972
0.0268271527475022 248.0502134423988 17.39999999999972
0.02678503116352485 248.0502134423988 17.41999999999972
0.02674302021457334 248.0502134423988 17.43999999999972
0.02670111965678428 248.0502134423988 17.45999999999972
0.02665932912286601 248.0502134423988 17.47999999999972
0.02661764813174097 248.0502134423988 17.49999999999972
0.02657607608895054 248.0502134423988 17.51999999999972
0.02653461268733238 248.0502134423988 17.53999999999971
0.0264932574511402 248.0502134423988 17.55999999999971
0.02645200966871662 248.0502134423988 17.57999999999971
0.02641086875852289 248.0502134423988 17.59999999999971
0.02636983420776771 248.0502134423988 17.61999999999971
0.02632890540415963 248.0502134423988 17.63999999999971
0.02628808190230674 248.0502134423988 17.65999999999971
0.02624736313593853 248.0502134423988 17.67999999999971
0.02620674834144739 248.0502134423988 17.69999999999971
0.02616623712133866 248.0502134423988 17.71999999999971
0.02612582914120256 248.0502134423988 17.73999999999971
0.02608552405141269 248.0502134423988 17.75999999999971
0.02604532151718771 248.0502134423988 17.77999999999971
0.0260052208524891 248.0502134423988 17.79999999999971
0.02596522162707554 248.0502134423988 17.81999999999971
0.0259253233181652 248.0502134423988 17.83999999999971
0.02588552536657869 248.0502134423988 17.85999999999971
0.02584582715458469 248.0502134423988 17.87999999999971
0.02580622822056814 248.0502134423988 17.89999999999971
0.02576672814723994 248.0502134423988 17.91999999999971
0.0257273263953271 248.0502134423988 17.93999999999971
0.02568802225817235 248.0502134423988 17.95999999999971
0.02564881515381175 248.0502134423988 17.97999999999971
0.02560970462512174 248.0502134423988 17.99999999999971
0.02557069018023943 248.0502134423988 18.0199999999997
0.02553177129163633 248.0502134423988 18.0399999999997
0.02549294724779785 248.0502134423988 18.0599999999997
0.02545421739362189 248.0502134423988 18.0799999999997
0.02541558114965888 248.0502134423988 18.0999999999997
0.02537703795234466 248.0502134423988 18.1199999999997
0.02533858739379554 248.0502134423988 18.1399999999997
0.02530022918202563 248.0502134423988 18.1599999999997
0.02526196300323966 248.0502134423988 18.1799999999997
0.02522378837524379 248.0502134423988 18.1999999999997
0.02518570466167187 248.0502134423988 18.2199999999997
0.02514771113982246 248.0502134423988 18.2399999999997
0.02510980684449435 248.0502134423988 18.2599999999997
0.02507199101413247 248.0502134423988 18.2799999999997
0.02503426299676767 248.0502134423988 18.2999999999997
0.02499662200417653 248.0502134423988 18.3199999999997
0.02495906745120862 248.0502134423988 18.3399999999997
0.02492159879889867 248.0502134423988 18.3599999999997
0.02488421541600558 248.0502134423988 18.3799999999997
0.02484691671699335 248.0502134423988 18.3999999999997
0.02480970221184112 248.0502134423988 18.4199999999997
0.02477257142609642 248.0502134423988 18.4399999999997
0.02473552351297676 248.0502134423988 18.4599999999997
0.02469855789953599 248.0502134423988 18.47999999999969
0.02466167416893131 248.0502134423988 18.49999999999969
0.02462487200435172 248.0502134423988 18.51999999999969
0.02458815089416517 248.0502134423988 18.53999999999969
0.0245515103678502 248.0502134423988 18.55999999999969
0.02451494975994669 248.0502134423988 18.57999999999969
0.02447846846876054 248.0502134423988 18.59999999999969
0.02444206598734629 248.0502134423988 18.61999999999969
0.02440574172301692 248.0502134423988 18.63999999999969
0.02436949503725156 248.0502134423988 18.65999999999969
0.02433332531934298 248.0502134423988 18.67999999999969
0.02429723195334062 248.0502134423988 18.69999999999969
0.02426121427127215 248.0502134423988 18.71999999999969
0.02422527178082004 248.0502134423988 18.73999999999969
0.02418940411844528 248.0502134423988 18.75999999999969
0.0241536108221517 248.0502134423988 18.77999999999969
0.02411789141615441 248.0502134423988 18.79999999999969
0.02408224529694609 248.0502134423988 18.81999999999969
0.02404667215557688 248.0502134423988 18.83999999999969
0.02401117170667228 248.0502134423988 18.85999999999969
0.02397574356930223 248.0502134423988 18.87999999999969
0.02394038734089312 248.0502134423988 18.89999999999969
0.02390510255327167 248.0502134423988 18.91999999999969
0.02386988866662042 248.0502134423988 18.93999999999969
0.02383474534678226 248.0502134423988 18.95999999999968
0.02379967234037818 248.0502134423988 18.97999999999968
0.02376466925628163 248.0502134423988 18.99999999999968
0.02372973554923655 248.0502134423988 19.01999999999968
0.02369487082601666 248.0502134423988 19.03999999999968
0.02366007469149935 248.0502134423988 19.05999999999968
0.02362534679978942 248.0502134423988 19.07999999999968
0.02359068687417776 248.0502134423988 19.09999999999968
0.02355609465495591 248.0502134423988 19.11999999999968
0.02352156987263693 248.0502134423988 19.13999999999968
0.02348711231366049 248.0502134423988 19.15999999999968
0.02345272168954728 248.0502134423988 19.17999999999968
0.02341839774389253 248.0502134423988 19.19999999999968
0.02338414021600107 248.0502134423988 19.21999999999968
0.02334994885953701 248.0502134423988 19.23999999999968
0.02331582346817457 248.0502134423988 19.25999999999968
0.02328176373220767 248.0502134423988 19.27999999999968
0.02324776932571686 248.0502134423988 19.29999999999968
0.02321383995550898 248.0502134423988 19.31999999999968
0.02317997541248938 248.0502134423988 19.33999999999968
0.02314617553716761 248.0502134423988 19.35999999999968
0.02311244007043385 248.0502134423988 19.37999999999968
0.02307876880452255 248.0502134423988 19.39999999999968
0.02304516141099667 248.0502134423988 19.41999999999967
0.02301161763887822 248.0502134423988 19.43999999999967
0.02297813718147153 248.0502134423988 19.45999999999967
0.02294471975218379 248.0502134423988 19.47999999999967
0.02291136517260547 248.0502134423988 19.49999999999967
0.02287807334922377 248.0502134423988 19.51999999999967
0.02284484408905089 248.0502134423988 19.53999999999967
0.02281167721544295 248.0502134423988 19.55999999999967
0.02277857227441821 248.0502134423988 19.57999999999967
0.02274552884708375 248.0502134423988 19.59999999999967
0.02271254659381028 248.0502134423988 19.61999999999967
0.02267962533090429 248.0502134423988 19.63999999999967
0.02264676496668801 248.0502134423988 19.65999999999967
0.02261396531145521 248.0502134423988 19.67999999999967
0.02258122625414529 248.0502134423988 19.69999999999967
0.02254854770348912 248.0502134423988 19.71999999999967
0.02251592945108 248.0502134423988 19.73999999999967
0.02248337130286631 248.0502134423988 19.75999999999967
0.02245087309680155 248.0502134423988 19.77999999999967
0.02241843471762304 248.0502134423988 19.79999999999967
0.02238605611988318 248.0502134423988 19.81999999999967
0.02235373721734412 248.0502134423988 19.83999999999967
0.02232147786452539 248.0502134423988 19.85999999999967
0.02228927797436202 248.0502134423988 19.87999999999967
0.02225713741404458 248.0502134423988 19.89999999999966
0.02222505590100347 248.0502134423988 19.91999999999966
0.02219303316769895 248.0502134423988 19.93999999999966
0.02216106906356521 248.0502134423988 19.95999999999966
0.02212916344886182 248.0502134423988 19.97999999999966
0.02209731623865371 248.0502134423988 19.99999999999966
0.02206552740207439 248.0502134423988 20.01999999999966
