0.125 248.05 0
0.1249874711748191 248.0502134423988 0.02
0.1249770305128703 248.0502134423988 0.04
0.1249672850942889 248.0502134423988 0.06
0.1249577699478322 248.0502134423988 0.08
0.1249483295809961 248.0502134423988 0.1
0.1249389116658134 248.0502134423988 0.12
0.1249294982542025 248.0502134423988 0.14
0.1249200828506332 248.0502134423988 0.16
0.1249106627725327 248.0502134423988 0.18
0.1249012366054981 248.0502134423988 0.2
0.1248918033557959 248.0502134423988 0.22
0.1248823621680878 248.0502134423988 0.24
0.1248729122313207 248.0502134423988 0.26
0.1248634527472314 248.0502134423988 0.28
0.1248539829196841 248.0502134423988 0.3
0.1248445019509344 248.0502134423988 0.32
0.1248350090401987 248.0502134423988 0.34
0.1248255033829907 248.0502134423988 0.36
0.1248159841707144 248.0502134423988 0.3800000000000001
0.1248064505903447 248.0502134423988 0.4000000000000001
0.1247969018241379 248.0502134423988 0.4200000000000001
0.1247873370493553 248.0502134423988 0.4400000000000001
0.1247777554379926 248.0502134423988 0.4600000000000001
0.1247681561565135 248.0502134423988 0.4800000000000001
0.124758538365587 248.0502134423988 0.5000000000000001
0.1247489012198283 248.0502134423988 0.5200000000000001
0.1247392438675428 248.0502134423988 0.5400000000000001
0.1247295654504743 248.0502134423988 0.5600000000000002
0.1247198651035561 248.0502134423988 0.5800000000000002
0.1247101419546663 248.0502134423988 0.6000000000000002
0.1247003951243865 248.0502134423988 0.6200000000000002
0.1246906237257638 248.0502134423988 0.6400000000000002
0.1246808268640773 248.0502134423988 0.6600000000000003
0.1246710036366077 248.0502134423988 0.6800000000000003
0.1246611531324106 248.0502134423988 0.7000000000000003
0.1246512744320935 248.0502134423988 0.7200000000000003
0.1246413666075968 248.0502134423988 0.7400000000000003
0.1246314287219778 248.0502134423988 0.7600000000000003
0.1246214598291987 248.0502134423988 0.7800000000000004
0.1246114589739175 248.0502134423988 0.8000000000000004
0.1246014251912832 248.0502134423988 0.8200000000000004
0.1245913575067338 248.0502134423988 0.8400000000000004
0.1245812549357978 248.0502134423988 0.8600000000000004
0.1245711164838986 248.0502134423988 0.8800000000000004
0.1245609411461631 248.0502134423988 0.9000000000000005
0.1245507279072321 248.0502134423988 0.9200000000000005
0.1245404757410751 248.0502134423988 0.9400000000000005
0.1245301836108068 248.0502134423988 0.9600000000000005
0.124519850468508 248.0502134423988 0.9800000000000005
0.1245094752550481 248.0502134423988 1
0.1244990568999111 248.0502134423988 1.02
0.1244885943210243 248.0502134423988 1.04
0.1244780864245901 248.0502134423988 1.06
0.1244675321049193 248.0502134423988 1.080000000000001
0.1244569302442689 248.0502134423988 1.100000000000001
0.1244462797126806 248.0502134423988 1.120000000000001
0.1244355793678236 248.0502134423988 1.140000000000001
0.1244248280548386 248.0502134423988 1.160000000000001
0.1244140246061857 248.0502134423988 1.180000000000001
0.1244031678414932 248.0502134423988 1.200000000000001
0.1243922565674109 248.0502134423988 1.220000000000001
0.1243812895774642 248.0502134423988 1.240000000000001
0.124370265651912 248.0502134423988 1.260000000000001
0.1243591835576063 248.0502134423988 1.280000000000001
0.124348042047855 248.0502134423988 1.300000000000001
0.1243368398622872 248.0502134423988 1.320000000000001
0.1243255757267203 248.0502134423988 1.340000000000001
0.1243142483530312 248.0502134423988 1.360000000000001
0.124302856439029 248.0502134423988 1.380000000000001
0.1242913986683307 248.0502134423988 1.400000000000001
0.1242798737102399 248.0502134423988 1.420000000000001
0.124268280219628 248.0502134423988 1.440000000000001
0.1242566168368179 248.0502134423988 1.460000000000001
0.1242448821874715 248.0502134423988 1.480000000000001
0.1242330748824786 248.0502134423988 1.500000000000001
0.1242211935178499 248.0502134423988 1.520000000000001
0.1242092366746124 248.0502134423988 1.540000000000001
0.1241972029187074 248.0502134423988 1.560000000000001
0.1241850908008918 248.0502134423988 1.580000000000001
0.1241728988566423 248.0502134423988 1.600000000000001
0.1241606256060623 248.0502134423988 1.620000000000001
0.1241482695537919 248.0502134423988 1.640000000000001
0.1241358291889206 248.0502134423988 1.660000000000001
0.124123302984903 248.0502134423988 1.680000000000001
0.1241106893994773 248.0502134423988 1.700000000000001
0.1240979868745867 248.0502134423988 1.720000000000001
0.1240851938363035 248.0502134423988 1.740000000000001
0.1240723086947556 248.0502134423988 1.760000000000001
0.1240593298440561 248.0502134423988 1.780000000000001
0.124046255662235 248.0502134423988 1.800000000000001
0.1240330845111737 248.0502134423988 1.820000000000001
0.1240198147365413 248.0502134423988 1.840000000000001
0.1240064446677333 248.0502134423988 1.860000000000001
0.1239929726178124 248.0502134423988 1.880000000000001
0.1239793968834506 248.0502134423988 1.900000000000001
0.1239657157448733 248.0502134423988 1.920000000000001
0.1239519274658045 248.0502134423988 1.940000000000001
0.1239380302934129 248.0502134423988 1.960000000000001
0.1239240224582586 248.0502134423988 1.980000000000001
0.1239099021742402 248.0502134423988 2.000000000000001
0.1238956676385422 248.0502134423988 2.020000000000001
0.1238813170315808 248.0502134423988 2.040000000000001
0.1238668485169492 248.0502134423988 2.060000000000001
0.1238522602413618 248.0502134423988 2.080000000000001
0.1238375503345946 248.0502134423988 2.100000000000001
0.123822716909424 248.0502134423988 2.120000000000001
0.1238077580615609 248.0502134423988 2.140000000000001
0.1237926718695803 248.0502134423988 2.160000000000001
0.1237774563948457 248.0502134423988 2.180000000000001
0.1237621096814264 248.0502134423988 2.200000000000002
0.1237466297560068 248.0502134423988 2.220000000000002
0.1237310146277871 248.0502134423988 2.240000000000002
0.1237152622883737 248.0502134423988 2.260000000000002
0.1236993707116575 248.0502134423988 2.280000000000002
0.1236833378536785 248.0502134423988 2.300000000000002
0.1236671616524759 248.0502134423988 2.320000000000002
0.123650840027921 248.0502134423988 2.340000000000002
0.1236343708815308 248.0502134423988 2.360000000000002
0.1236177520962613 248.0502134423988 2.380000000000002
0.1236009815362766 248.0502134423988 2.400000000000002
0.123584057046693 248.0502134423988 2.420000000000002
0.1235669764532941 248.0502134423988 2.440000000000002
0.123549737562215 248.0502134423988 2.460000000000002
0.1235323381595926 248.0502134423988 2.480000000000002
0.1235147760111782 248.0502134423988 2.500000000000002
0.1234970488619098 248.0502134423988 2.520000000000002
0.1234791544354396 248.0502134423988 2.540000000000002
0.1234610904336147 248.0502134423988 2.560000000000002
0.1234428545359045 248.0502134423988 2.580000000000002
0.1234244443987722 248.0502134423988 2.600000000000002
0.1234058576549865 248.0502134423988 2.620000000000002
0.123387091912866 248.0502134423988 2.640000000000002
0.1233681447554545 248.0502134423988 2.660000000000002
0.1233490137396191 248.0502134423988 2.680000000000002
0.1233296963950676 248.0502134423988 2.700000000000002
0.1233101902232772 248.0502134423988 2.720000000000002
0.1232904926963296 248.0502134423988 2.740000000000002
0.1232706012556448 248.0502134423988 2.760000000000002
0.1232505133106069 248.0502134423988 2.780000000000002
0.1232302262370736 248.0502134423988 2.800000000000002
0.1232097373757622 248.0502134423988 2.820000000000002
0.1231890440305023 248.0502134423988 2.840000000000002
0.1231681434663469 248.0502134423988 2.860000000000002
0.1231470329075315 248.0502134423988 2.880000000000002
0.123125709535271 248.0502134423988 2.900000000000002
0.123104170485383 248.0502134423988 2.920000000000002
0.123082412845726 248.0502134423988 2.940000000000002
0.1230604336534391 248.0502134423988 2.960000000000002
0.1230382298919707 248.0502134423988 2.980000000000002
0.1230157984878804 248.0502134423988 3.000000000000002
0.1229931363074001 248.0502134423988 3.020000000000002
0.1229702401527364 248.0502134423988 3.040000000000002
0.1229471067580984 248.0502134423988 3.060000000000002
0.1229237327854301 248.0502134423988 3.080000000000002
0.1229001148198303 248.0502134423988 3.100000000000002
0.1228762493646363 248.0502134423988 3.120000000000002
0.1228521328361502 248.0502134423988 3.140000000000002
0.122827761557985 248.0502134423988 3.160000000000002
0.1228031317550038 248.0502134423988 3.180000000000002
0.1227782395468278 248.0502134423988 3.200000000000002
0.1227530809408849 248.0502134423988 3.220000000000002
0.1227276518249714 248.0502134423988 3.240000000000002
0.1227019479592973 248.0502134423988 3.260000000000002
0.122675964967987 248.0502134423988 3.280000000000002
0.1226496983300055 248.0502134423988 3.300000000000002
0.1226231433694826 248.0502134423988 3.320000000000003
0.1225962952454073 248.0502134423988 3.340000000000003
0.1225691489406687 248.0502134423988 3.360000000000003
0.1225416992504231 248.0502134423988 3.380000000000003
0.1225139407697712 248.0502134423988 3.400000000000003
0.1224858678807373 248.0502134423988 3.420000000000003
0.122457474738552 248.0502134423988 3.440000000000003
0.122428755257249 248.0502134423988 3.460000000000003
0.122399703094602 248.0502134423988 3.480000000000003
0.1223703116364439 248.0502134423988 3.500000000000003
0.122340573980428 248.0502134423988 3.520000000000003
0.1223104829193142 248.0502134423988 3.540000000000003
0.122280030923884 248.0502134423988 3.560000000000003
0.1222492101256183 248.0502134423988 3.580000000000003
0.1222180122992939 248.0502134423988 3.600000000000003
0.1221864288456888 248.0502134423988 3.620000000000003
0.1221544507746098 248.0502134423988 3.640000000000003
0.1221220686884883 248.0502134423988 3.660000000000003
0.122089272766813 248.0502134423988 3.680000000000003
0.1220560527516925 248.0502134423988 3.700000000000003
0.1220223979348589 248.0502134423988 3.720000000000003
0.1219882971464364 248.0502134423988 3.740000000000003
0.1219537387457989 248.0502134423988 3.760000000000003
0.1219187106148416 248.0502134423988 3.780000000000003
0.1218832001539677 248.0502134423988 3.800000000000003
0.1218471942810648 248.0502134423988 3.820000000000003
0.1218106794336992 248.0502134423988 3.840000000000003
0.1217736415746899 248.0502134423988 3.860000000000003
0.1217360662011397 248.0502134423988 3.880000000000003
0.1216979383568925 248.0502134423988 3.900000000000003
0.1216592426482469 248.0502134423988 3.920000000000003
0.1216199632625935 248.0502134423988 3.940000000000003
0.1215800839894536 248.0502134423988 3.960000000000003
0.1215395882431836 248.0502134423988 3.980000000000003
0.1214984590863812 248.0502134423988 4.000000000000003
0.1214566792527936 248.0502134423988 4.020000000000002
0.1214142311683038 248.0502134423988 4.040000000000002
0.121371096968361 248.0502134423988 4.060000000000001
0.1213272585100483 248.0502134423988 4.080000000000001
0.1212826973768684 248.0502134423988 4.100000000000001
0.1212373948743553 248.0502134423988 4.12
0.121191332014931 248.0502134423988 4.14
0.1211444894912202 248.0502134423988 4.159999999999999
0.1210968476384813 248.0502134423988 4.179999999999999
0.1210483863889 248.0502134423988 4.199999999999998
0.1209990852229359 248.0502134423988 4.219999999999998
0.1209489231252396 248.0502134423988 4.239999999999998
0.1208978785545778 248.0502134423988 4.259999999999997
0.1208459294392039 248.0502134423988 4.279999999999997
0.1207930532125333 248.0502134423988 4.299999999999996
0.1207392269099336 248.0502134423988 4.319999999999996
0.1206844273543976 248.0502134423988 4.339999999999995
0.120628631460934 248.0502134423988 4.359999999999995
0.1205718166785805 248.0502134423988 4.379999999999995
0.1205139615613217 248.0502134423988 4.399999999999994
0.1204550464220017 248.0502134423988 4.419999999999994
0.1203950539923877 248.0502134423988 4.439999999999993
0.1203339700006376 248.0502134423988 4.459999999999993
0.1202717835840681 248.0502134423988 4.479999999999992
0.1202084874713194 248.0502134423988 4.499999999999992
0.1201440778925155 248.0502134423988 4.519999999999992
0.1200785542213324 248.0502134423988 4.539999999999991
0.1200119184274584 248.0502134423988 4.559999999999991
0.1199441745011814 248.0502134423988 4.57999999999999
0.1198753280539969 248.0502134423988 4.59999999999999
0.1198053862553773 248.0502134423988 4.619999999999989
0.1197343581362214 248.0502134423988 4.639999999999989
0.1196622551264947 248.0502134423988 4.659999999999989
0.1195890915732901 248.0502134423988 4.679999999999988
0.1195148849644804 248.0502134423988 4.699999999999988
0.1194396556764739 248.0502134423988 4.719999999999987
0.1193634262327127 248.0502134423988 4.739999999999987
0.1192862202318639 248.0502134423988 4.759999999999986
0.1192080612279957 248.0502134423988 4.779999999999986
0.119128971895397 248.0502134423988 4.799999999999986
0.1190489737512675 248.0502134423988 4.819999999999985
0.1189680875077171 248.0502134423988 4.839999999999985
0.11888633385484 248.0502134423988 4.859999999999984
0.1188037343134234 248.0502134423988 4.879999999999984
0.1187203118335432 248.0502134423988 4.899999999999983
0.1186360909704229 248.0502134423988 4.919999999999983
0.1185510976111859 248.0502134423988 4.939999999999983
0.118465358323934 248.0502134423988 4.959999999999982
0.118378899482775 248.0502134423988 4.979999999999982
0.1182917463769375 248.0502134423988 4.999999999999981
0.1182039224982853 248.0502134423988 5.019999999999981
0.1181154491230366 248.0502134423988 5.03999999999998
0.1180263452093352 248.0502134423988 5.05999999999998
0.1179366275607335 248.0502134423988 5.07999999999998
0.1178463111626807 248.0502134423988 5.099999999999979
0.1177554095819706 248.0502134423988 5.119999999999979
0.1176639353308793 248.0502134423988 5.139999999999978
0.1175719001361684 248.0502134423988 5.159999999999978
0.1174793151011417 248.0502134423988 5.179999999999978
0.117386190784333 248.0502134423988 5.199999999999977
0.1172925372301534 248.0502134423988 5.219999999999977
0.1171983639795855 248.0502134423988 5.239999999999976
0.1171036800739691 248.0502134423988 5.259999999999976
0.1170084940495764 248.0502134423988 5.279999999999975
0.1169128139082671 248.0502134423988 5.299999999999975
0.1168166470449484 248.0502134423988 5.319999999999975
0.1167200001221051 248.0502134423988 5.339999999999974
0.1166228789037666 248.0502134423988 5.359999999999974
0.1165252880824917 248.0502134423988 5.379999999999973
0.1164272311385546 248.0502134423988 5.399999999999973
0.1163287102588412 248.0502134423988 5.419999999999972
0.1162297263246316 248.0502134423988 5.439999999999972
0.1161302789621133 248.0502134423988 5.459999999999972
0.1160303666382875 248.0502134423988 5.479999999999971
0.1159299867756789 248.0502134423988 5.499999999999971
0.1158291358535931 248.0502134423988 5.51999999999997
0.1157278094671714 248.0502134423988 5.53999999999997
0.1156260023311206 248.0502134423988 5.559999999999969
0.1155237082371367 248.0502134423988 5.579999999999969
0.1154209199911625 248.0502134423988 5.599999999999969
0.1153176293617842 248.0502134423988 5.619999999999968
0.1152138270663215 248.0502134423988 5.639999999999968
0.1151095028095981 248.0502134423988 5.659999999999967
0.1150046453725538 248.0502134423988 5.679999999999967
0.1148992427303708 248.0502134423988 5.699999999999966
0.1147932821746741 248.0502134423988 5.719999999999966
0.1146867504222525 248.0502134423988 5.739999999999966
0.1145796337018592 248.0502134423988 5.759999999999965
0.1144719178177054 248.0502134423988 5.779999999999965
0.1143635881991632 248.0502134423988 5.799999999999964
0.1142546299541207 248.0502134423988 5.819999999999964
0.1141450279364518 248.0502134423988 5.839999999999963
0.1140347668285832 248.0502134423988 5.859999999999963
0.1139238312492826 248.0502134423988 5.879999999999963
0.1138122059087978 248.0502134423988 5.899999999999962
0.1136998758150802 248.0502134423988 5.919999999999962
0.1135868265052821 248.0502134423988 5.939999999999961
0.1134730442904048 248.0502134423988 5.959999999999961
0.1133585165477143 248.0502134423988 5.97999999999996
0.1132432321002715 248.0502134423988 5.99999999999996
0.1131271816595496 248.0502134423988 6.01999999999996
0.1130103582372356 248.0502134423988 6.039999999999959
0.1128927574205782 248.0502134423988 6.059999999999959
0.112774377447325 248.0502134423988 6.079999999999958
0.112655219060516 248.0502134423988 6.099999999999958
0.1125352851446342 248.0502134423988 6.119999999999957
0.1124145801693344 248.0502134423988 6.139999999999957
0.1122931095292627 248.0502134423988 6.159999999999957
0.1121708789442592 248.0502134423988 6.179999999999956
0.1120478940845145 248.0502134423988 6.199999999999956
0.1119241604649242 248.0502134423988 6.219999999999955
0.1117996835011607 248.0502134423988 6.239999999999955
0.1116744685547121 248.0502134423988 6.259999999999954
0.111548520830044 248.0502134423988 6.279999999999954
0.1114218450796357 248.0502134423988 6.299999999999954
0.1112944451722018 248.0502134423988 6.319999999999953
0.1111663236144415 248.0502134423988 6.339999999999953
0.1110374810631527 248.0502134423988 6.359999999999952
0.1109079158203611 248.0502134423988 6.379999999999952
0.1107776233736246 248.0502134423988 6.399999999999952
0.1106465961610669 248.0502134423988 6.419999999999951
0.110514823713395 248.0502134423988 6.439999999999951
0.1103822930988673 248.0502134423988 6.45999999999995
0.1102489893983218 248.0502134423988 6.47999999999995
0.1101148960281405 248.0502134423988 6.499999999999949
0.1099799950448508 248.0502134423988 6.519999999999949
0.1098442677465689 248.0502134423988 6.539999999999949
0.1097076957133859 248.0502134423988 6.559999999999948
0.1095702621109963 248.0502134423988 6.579999999999948
0.1094319529990396 248.0502134423988 6.599999999999947
0.1092927585930315 248.0502134423988 6.619999999999947
0.1091526746200005 248.0502134423988 6.639999999999946
0.1090117038221714 248.0502134423988 6.659999999999946
0.1088698573323841 248.0502134423988 6.679999999999946
0.1087271553409399 248.0502134423988 6.699999999999945
0.1085836265070951 248.0502134423988 6.719999999999945
0.108439306004031 248.0502134423988 6.739999999999944
0.1082942326325474 248.0502134423988 6.759999999999944
0.108148445690004 248.0502134423988 6.779999999999943
0.1080019821229952 248.0502134423988 6.799999999999943
0.1078548742575976 248.0502134423988 6.819999999999943
0.1077071483718071 248.0502134423988 6.839999999999942
0.1075588243042844 248.0502134423988 6.859999999999942
0.1074099159148165 248.0502134423988 6.879999999999941
0.1072604318436459 248.0502134423988 6.899999999999941
0.1071103761096584 248.0502134423988 6.91999999999994
0.1069597484951832 248.0502134423988 6.93999999999994
0.1068085448683519 248.0502134423988 6.95999999999994
0.106656757465146 248.0502134423988 6.979999999999939
0.1065043750534798 248.0502134423988 6.999999999999939
0.1063513830065253 248.0502134423988 7.019999999999938
0.1061977633754438 248.0502134423988 7.039999999999938
0.1060434950049475 248.0502134423988 7.059999999999937
0.1058885537690908 248.0502134423988 7.079999999999937
0.105732913004376 248.0502134423988 7.099999999999937
0.1055765439766548 248.0502134423988 7.119999999999936
0.1054194160172403 248.0502134423988 7.139999999999936
0.105261496190718 248.0502134423988 7.159999999999935
0.1051027487995214 248.0502134423988 7.179999999999935
0.1049431351151685 248.0502134423988 7.199999999999934
0.1047826133636954 248.0502134423988 7.219999999999934
0.1046211386894665 248.0502134423988 7.239999999999934
0.1044586629292084 248.0502134423988 7.259999999999933
0.1042951343109873 248.0502134423988 7.279999999999933
0.1041304973007445 248.0502134423988 7.299999999999932
0.10396469275136 248.0502134423988 7.319999999999932
0.1037976583932491 248.0502134423988 7.339999999999931
0.1036293295729156 248.0502134423988 7.359999999999931
0.1034596400846606 248.0502134423988 7.379999999999931
0.1032885230458827 248.0502134423988 7.39999999999993
0.1031159118985318 248.0502134423988 7.41999999999993
0.1029417415985379 248.0502134423988 7.439999999999929
0.1027659499985034 248.0502134423988 7.459999999999929
0.1025884795188934 248.0502134423988 7.479999999999928
0.1024092792523193 248.0502134423988 7.499999999999928
0.1022283073485561 248.0502134423988 7.519999999999928
0.1020455331059018 248.0502134423988 7.539999999999927
0.1018609382248765 248.0502134423988 7.559999999999927
0.1016745172128647 248.0502134423988 7.579999999999926
0.1014862773430763 248.0502134423988 7.599999999999926
0.1012962384311057 248.0502134423988 7.619999999999925
0.101104432284309 248.0502134423988 7.639999999999925
0.1009109015548149 248.0502134423988 7.659999999999925
0.1007156979797507 248.0502134423988 7.679999999999924
0.1005188801899656 248.0502134423988 7.699999999999924
0.1003205111161584 248.0502134423988 7.719999999999923
0.1001206548529355 248.0502134423988 7.739999999999923
0.09991937305193145 248.0502134423988 7.759999999999923
0.09971672129087543 248.0502134423988 7.779999999999922
0.09951274598216794 248.0502134423988 7.799999999999922
0.09930748209694984 248.0502134423988 7.819999999999921
0.09910095152462874 248.0502134423988 7.839999999999921
0.0988931618356345 248.0502134423988 7.85999999999992
0.09868410569285814 248.0502134423988 7.87999999999992
0.09847376137715007 248.0502134423988 7.89999999999992
0.09826209433597953 248.0502134423988 7.919999999999919
0.09804905908519591 248.0502134423988 7.939999999999919
0.09783460103274569 248.0502134423988 7.959999999999918
0.09761865832506933 248.0502134423988 7.979999999999918
0.09740116371065667 248.0502134423988 7.999999999999917
0.09718204606385492 248.0502134423988 8.019999999999918
0.09696123168445023 248.0502134423988 8.039999999999917
0.09673864641841907 248.0502134423988 8.059999999999917
0.09651421919395067 248.0502134423988 8.079999999999917
0.09628788534126935 248.0502134423988 8.099999999999916
0.0960595867826501 248.0502134423988 8.119999999999916
0.09582926834251511 248.0502134423988 8.139999999999915
0.09559687367237475 248.0502134423988 8.159999999999915
0.09536234713073162 248.0502134423988 8.179999999999914
0.09512564700918319 248.0502134423988 8.199999999999914
0.09488676904086236 248.0502134423988 8.219999999999914
0.09464576966658356 248.0502134423988 8.239999999999913
0.09440278069736782 248.0502134423988 8.259999999999913
0.09415802382152044 248.0502134423988 8.279999999999912
0.09391182678570661 248.0502134423988 8.299999999999912
0.09366460387892359 248.0502134423988 8.319999999999911
0.09341677131288974 248.0502134423988 8.339999999999911
0.09316864696180903 248.0502134423988 8.359999999999911
0.09292041454935242 248.0502134423988 8.37999999999991
0.09267215980109955 248.0502134423988 8.39999999999991
0.09242392048510249 248.0502134423988 8.419999999999909
0.09217570828602582 248.0502134423988 8.439999999999909
0.09192751138601968 248.0502134423988 8.459999999999908
0.09167931051918085 248.0502134423988 8.479999999999908
0.09143111456041531 248.0502134423988 8.499999999999908
0.09118298145017677 248.0502134423988 8.519999999999907
0.09093500186924089 248.0502134423988 8.539999999999907
0.09068727249280108 248.0502134423988 8.559999999999906
0.09043989172371328 248.0502134423988 8.579999999999906
0.09019296737946655 248.0502134423988 8.599999999999905
0.0899466099986599 248.0502134423988 8.619999999999905
0.08970091511112201 248.0502134423988 8.639999999999905
0.0894559553528388 248.0502134423988 8.659999999999904
0.08921178314722672 248.0502134423988 8.679999999999904
0.08896843140443388 248.0502134423988 8.699999999999903
0.08872591287372508 248.0502134423988 8.719999999999903
0.08848422680661838 248.0502134423988 8.739999999999903
0.08824337099817867 248.0502134423988 8.759999999999902
0.08800334569424237 248.0502134423988 8.779999999999902
0.08776414664742463 248.0502134423988 8.799999999999901
0.08752576015888726 248.0502134423988 8.819999999999901
0.08728816652825329 248.0502134423988 8.8399999999999
0.08705134340044718 248.0502134423988 8.8599999999999
0.08681526246651772 248.0502134423988 8.8799999999999
0.08657988685896917 248.0502134423988 8.899999999999899
0.08634517720968839 248.0502134423988 8.919999999999899
0.08611110084442958 248.0502134423988 8.939999999999898
0.08587763390291207 248.0502134423988 8.959999999999898
0.08564475654564269 248.0502134423988 8.979999999999897
0.08541244970571024 248.0502134423988 8.999999999999897
0.08518069670935582 248.0502134423988 9.019999999999897
0.08494948508051875 248.0502134423988 9.039999999999896
0.08471880535184509 248.0502134423988 9.059999999999896
0.08448865052294917 248.0502134423988 9.079999999999895
0.08425901990838684 248.0502134423988 9.099999999999895
0.08402992343155065 248.0502134423988 9.119999999999894
0.08380137960253624 248.0502134423988 9.139999999999894
0.08357340846786902 248.0502134423988 9.159999999999894
0.08334602644323361 248.0502134423988 9.179999999999893
0.08311924488363445 248.0502134423988 9.199999999999893
0.08289306962826147 248.0502134423988 9.219999999999892
0.0826674994662705 248.0502134423988 9.239999999999892
0.08244252266522704 248.0502134423988 9.259999999999891
0.08221811380871838 248.0502134423988 9.279999999999891
0.08199423555241268 248.0502134423988 9.299999999999891
0.08177084452222748 248.0502134423988 9.31999999999989
0.08154789540641817 248.0502134423988 9.33999999999989
0.08132534131401026 248.0502134423988 9.359999999999889
0.08110313369408112 248.0502134423988 9.379999999999889
0.0808812234066827 248.0502134423988 9.399999999999888
0.08065956109417922 248.0502134423988 9.419999999999888
0.0804380962388514 248.0502134423988 9.439999999999888
0.08021677735613236 248.0502134423988 9.459999999999887
0.07999555513180467 248.0502134423988 9.479999999999887
0.07977438660443252 248.0502134423988 9.499999999999886
0.07955323703994453 248.0502134423988 9.519999999999886
0.07933207868800352 248.0502134423988 9.539999999999885
0.07911088834201394 248.0502134423988 9.559999999999885
0.07888964575129005 248.0502134423988 9.579999999999885
0.07866833346977631 248.0502134423988 9.599999999999884
0.07844693722090393 248.0502134423988 9.619999999999884
0.07822544521279565 248.0502134423988 9.639999999999883
0.07800384583404174 248.0502134423988 9.659999999999883
0.07778212506816307 248.0502134423988 9.679999999999882
0.07756026545917026 248.0502134423988 9.699999999999882
0.07733824693022236 248.0502134423988 9.719999999999882
0.07711604846803553 248.0502134423988 9.739999999999881
0.07689364989569497 248.0502134423988 9.759999999999881
0.07667103320877013 248.0502134423988 9.77999999999988
0.07644818284708556 248.0502134423988 9.79999999999988
0.07622508510618912 248.0502134423988 9.819999999999879
0.07600172775748439 248.0502134423988 9.839999999999879
0.07577810027269595 248.0502134423988 9.859999999999879
0.07555419425452189 248.0502134423988 9.879999999999878
0.07533000391584313 248.0502134423988 9.899999999999878
0.07510552654208845 248.0502134423988 9.919999999999877
0.07488076270441245 248.0502134423988 9.939999999999877
0.07465571625425445 248.0502134423988 9.959999999999877
0.07443039428601891 248.0502134423988 9.979999999999876
0.0742048070765348 248.0502134423988 9.999999999999876
0.07397896799756491 248.0502134423988 10.01999999999988
0.07375289345840733 248.0502134423988 10.03999999999987
0.07352660280783584 248.0502134423988 10.05999999999987
0.07330011806163865 248.0502134423988 10.07999999999987
0.07307346337614722 248.0502134423988 10.09999999999987
0.07284666415609453 248.0502134423988 10.11999999999987
0.07261974592079344 248.0502134423988 10.13999999999987
0.07239273361146487 248.0502134423988 10.15999999999987
0.07216565196894785 248.0502134423988 10.17999999999987
0.07193852670140732 248.0502134423988 10.19999999999987
0.07171138550475845 248.0502134423988 10.21999999999987
0.07148425830886369 248.0502134423988 10.23999999999987
0.07125717682756312 248.0502134423988 10.25999999999987
0.07103017378432083 248.0502134423988 10.27999999999987
0.07080328204420458 248.0502134423988 10.29999999999987
0.07057653378692862 248.0502134423988 10.31999999999987
0.07034995983103827 248.0502134423988 10.33999999999987
0.07012358907112144 248.0502134423988 10.35999999999987
0.06989744811294096 248.0502134423988 10.37999999999987
0.06967156150922843 248.0502134423988 10.39999999999987
0.06944595252188734 248.0502134423988 10.41999999999987
0.06922064352577723 248.0502134423988 10.43999999999987
0.06899565579514495 248.0502134423988 10.45999999999987
0.06877100968813862 248.0502134423988 10.47999999999987
0.06854672561735409 248.0502134423988 10.49999999999986
0.06832282458995684 248.0502134423988 10.51999999999986
0.06809932754322885 248.0502134423988 10.53999999999986
0.06787625433423308 248.0502134423988 10.55999999999986
0.06765362308995518 248.0502134423988 10.57999999999986
0.06743144964029896 248.0502134423988 10.59999999999986
0.06720974724331595 248.0502134423988 10.61999999999986
0.06698852748587913 248.0502134423988 10.63999999999986
0.06676780224002506 248.0502134423988 10.65999999999986
0.06654758490481331 248.0502134423988 10.67999999999986
0.06632788968460772 248.0502134423988 10.69999999999986
0.06610873053940282 248.0502134423988 10.71999999999986
0.06589012185684653 248.0502134423988 10.73999999999986
0.06567207946107263 248.0502134423988 10.75999999999986
0.06545461957092021 248.0502134423988 10.77999999999986
0.06523775676276265 248.0502134423988 10.79999999999986
0.06502150369909128 248.0502134423988 10.81999999999986
0.06480587280773216 248.0502134423988 10.83999999999986
0.06459087772877682 248.0502134423988 10.85999999999986
0.06437653307509993 248.0502134423988 10.87999999999986
0.06416285315035737 248.0502134423988 10.89999999999986
0.06394985122821858 248.0502134423988 10.91999999999986
0.06373754010631033 248.0502134423988 10.93999999999986
0.06352593305245748 248.0502134423988 10.95999999999986
0.06331504376341109 248.0502134423988 10.97999999999985
0.06310488530205566 248.0502134423988 10.99999999999985
0.06289546963939763 248.0502134423988 11.01999999999985
0.06268680894289327 248.0502134423988 11.03999999999985
0.06247891746786408 248.0502134423988 11.05999999999985
0.06227181201516193 248.0502134423988 11.07999999999985
0.06206551063989019 248.0502134423988 11.09999999999985
0.06186003101970777 248.0502134423988 11.11999999999985
0.0616553894672874 248.0502134423988 11.13999999999985
0.06145160049870951 248.0502134423988 11.15999999999985
0.06124867686579371 248.0502134423988 11.17999999999985
0.06104663010229416 248.0502134423988 11.19999999999985
0.06084547115019019 248.0502134423988 11.21999999999985
0.06064521055781277 248.0502134423988 11.23999999999985
0.06044585850339723 248.0502134423988 11.25999999999985
0.06024742520478665 248.0502134423988 11.27999999999985
0.06004992152022704 248.0502134423988 11.29999999999985
0.05985335909344475 248.0502134423988 11.31999999999985
0.05965775002188202 248.0502134423988 11.33999999999985
0.05946310651113333 248.0502134423988 11.35999999999985
0.05926944062712732 248.0502134423988 11.37999999999985
0.05907676398586594 248.0502134423988 11.39999999999985
0.05888508742080072 248.0502134423988 11.41999999999985
0.05869442069266115 248.0502134423988 11.43999999999984
0.05850477213018823 248.0502134423988 11.45999999999984
0.05831614825826179 248.0502134423988 11.47999999999984
0.0581285537352142 248.0502134423988 11.49999999999984
0.05794199167152379 248.0502134423988 11.51999999999984
0.0577564639312842 248.0502134423988 11.53999999999984
0.05757197103722923 248.0502134423988 11.55999999999984
0.0573885117278031 248.0502134423988 11.57999999999984
0.05720608245527586 248.0502134423988 11.59999999999984
0.0570246770413136 248.0502134423988 11.61999999999984
0.05684428660531615 248.0502134423988 11.63999999999984
0.05666489982312997 248.0502134423988 11.65999999999984
0.05648650344217146 248.0502134423988 11.67999999999984
0.05630908284468145 248.0502134423988 11.69999999999984
0.0561326224995239 248.0502134423988 11.71999999999984
0.05595710633175607 248.0502134423988 11.73999999999984
0.05578251811596436 248.0502134423988 11.75999999999984
0.05560884187519168 248.0502134423988 11.77999999999984
0.05543606215532117 248.0502134423988 11.79999999999984
0.05526416412218146 248.0502134423988 11.81999999999984
0.05509313356286512 248.0502134423988 11.83999999999984
0.05492295687101022 248.0502134423988 11.85999999999984
0.05475362101198194 248.0502134423988 11.87999999999984
0.05458511343815219 248.0502134423988 11.89999999999984
0.05441742194912234 248.0502134423988 11.91999999999983
0.0542505345235201 248.0502134423988 11.93999999999983
0.05408443920248997 248.0502134423988 11.95999999999983
0.05391912412255176 248.0502134423988 11.97999999999983
0.05375457769381554 248.0502134423988 11.99999999999983
0.05359078879525524 248.0502134423988 12.01999999999983
0.05342774687996643 248.0502134423988 12.03999999999983
0.05326544201180793 248.0502134423988 12.05999999999983
0.05310386491194508 248.0502134423988 12.07999999999983
0.0529430070292046 248.0502134423988 12.09999999999983
0.05278286056243835 248.0502134423988 12.11999999999983
0.05262341834992629 248.0502134423988 12.13999999999983
0.05246467361601593 248.0502134423988 12.15999999999983
0.05230661967003481 248.0502134423988 12.17999999999983
0.05214924968659521 248.0502134423988 12.19999999999983
0.05199255662057185 248.0502134423988 12.21999999999983
0.05183653320877909 248.0502134423988 12.23999999999983
0.05168117198370265 248.0502134423988 12.25999999999983
0.05152646526073447 248.0502134423988 12.27999999999983
0.05137240509169458 248.0502134423988 12.29999999999983
0.05121898319373545 248.0502134423988 12.31999999999983
0.05106619088186655 248.0502134423988 12.33999999999983
0.05091401903903043 248.0502134423988 12.35999999999983
0.05076245814346843 248.0502134423988 12.37999999999982
0.05061149836798916 248.0502134423988 12.39999999999982
0.05046112976329338 248.0502134423988 12.41999999999982
0.05031134249684857 248.0502134423988 12.43999999999982
0.05016212706663148 248.0502134423988 12.45999999999982
0.05001347442084961 248.0502134423988 12.47999999999982
0.04986537597990689 248.0502134423988 12.49999999999982
0.04971782359353415 248.0502134423988 12.51999999999982
0.04957080946226235 248.0502134423988 12.53999999999982
0.04942432605655875 248.0502134423988 12.55999999999982
0.04927836607358315 248.0502134423988 12.57999999999982
0.04913292244475444 248.0502134423988 12.59999999999982
0.04898798836716482 248.0502134423988 12.61999999999982
0.04884355732292578 248.0502134423988 12.63999999999982
0.04869962307218118 248.0502134423988 12.65999999999982
0.04855617963056744 248.0502134423988 12.67999999999982
0.04841322125781078 248.0502134423988 12.69999999999982
0.04827074248158008 248.0502134423988 12.71999999999982
0.04812873815169087 248.0502134423988 12.73999999999982
0.04798720348865451 248.0502134423988 12.75999999999982
0.04784613409417036 248.0502134423988 12.77999999999982
0.04770552592298514 248.0502134423988 12.79999999999982
0.04756537523743964 248.0502134423988 12.81999999999982
0.04742567856460539 248.0502134423988 12.83999999999982
0.04728643266890305 248.0502134423988 12.85999999999981
0.04714763455069797 248.0502134423988 12.87999999999981
0.04700928147626671 248.0502134423988 12.89999999999981
0.04687137103775841 248.0502134423988 12.91999999999981
0.04673390124266519 248.0502134423988 12.93999999999981
0.04659687063329691 248.0502134423988 12.95999999999981
0.046460278421298 248.0502134423988 12.97999999999981
0.04632412459514909 248.0502134423988 12.99999999999981
0.04618840994518073 248.0502134423988 13.01999999999981
0.04605313596837071 248.0502134423988 13.03999999999981
0.04591830466005591 248.0502134423988 13.05999999999981
0.04578391825308773 248.0502134423988 13.07999999999981
0.04564997899875509 248.0502134423988 13.09999999999981
0.04551648906884619 248.0502134423988 13.11999999999981
0.04538345058902457 248.0502134423988 13.13999999999981
0.04525086572558205 248.0502134423988 13.15999999999981
0.0451187366998536 248.0502134423988 13.17999999999981
0.04498706563931534 248.0502134423988 13.19999999999981
0.04485585428195097 248.0502134423988 13.21999999999981
0.04472510366381941 248.0502134423988 13.23999999999981
0.04459481395324334 248.0502134423988 13.25999999999981
0.04446498451662875 248.0502134423988 13.27999999999981
0.04433561417348231 248.0502134423988 13.29999999999981
0.04420670152869879 248.0502134423988 13.3199999999998
0.04407824530478918 248.0502134423988 13.3399999999998
0.04395024467442893 248.0502134423988 13.3599999999998
0.04382269961263748 248.0502134423988 13.3799999999998
0.04369561121641989 248.0502134423988 13.3999999999998
0.04356898186025913 248.0502134423988 13.4199999999998
0.04344281508360694 248.0502134423988 13.4399999999998
0.04331711524812852 248.0502134423988 13.4599999999998
0.04319188712481569 248.0502134423988 13.4799999999998
0.04306713554828639 248.0502134423988 13.4999999999998
0.04294286514121366 248.0502134423988 13.5199999999998
0.04281908002157184 248.0502134423988 13.5399999999998
0.04269578345682744 248.0502134423988 13.5599999999998
0.04257297755491327 248.0502134423988 13.5799999999998
0.04245066313701201 248.0502134423988 13.5999999999998
0.04232883986828152 248.0502134423988 13.6199999999998
0.04220750661131947 248.0502134423988 13.6399999999998
0.04208666191949879 248.0502134423988 13.6599999999998
0.04196630461744663 248.0502134423988 13.6799999999998
0.04184643443855676 248.0502134423988 13.6999999999998
0.04172705262872192 248.0502134423988 13.7199999999998
0.04160816232975403 248.0502134423988 13.7399999999998
0.04148976855228786 248.0502134423988 13.7599999999998
0.04137187768490452 248.0502134423988 13.7799999999998
0.0412544966810718 248.0502134423988 13.79999999999979
0.04113763218651682 248.0502134423988 13.81999999999979
0.04102128984089218 248.0502134423988 13.83999999999979
0.04090547385345196 248.0502134423988 13.85999999999979
0.04079018683722069 248.0502134423988 13.87999999999979
0.04067542986128174 248.0502134423988 13.89999999999979
0.04056120270443267 248.0502134423988 13.91999999999979
0.04044750428574689 248.0502134423988 13.93999999999979
0.04033433317460659 248.0502134423988 13.95999999999979
0.0402216879804129 248.0502134423988 13.97999999999979
0.04010956738648305 248.0502134423988 13.99999999999979
0.03999796971374509 248.0502134423988 14.01999999999979
0.03988689215356961 248.0502134423988 14.03999999999979
0.03977633003315516 248.0502134423988 14.05999999999979
0.0396662764979571 248.0502134423988 14.07999999999979
0.03955672279094674 248.0502134423988 14.09999999999979
0.03944765902761085 248.0502134423988 14.11999999999979
0.0393390751852566 248.0502134423988 14.13999999999979
0.03923096200019592 248.0502134423988 14.15999999999979
0.03912331153506556 248.0502134423988 14.17999999999979
0.03901611728016131 248.0502134423988 14.19999999999979
0.03890937378920523 248.0502134423988 14.21999999999979
0.03880307602572303 248.0502134423988 14.23999999999979
0.03869721874022201 248.0502134423988 14.25999999999978
0.0385917961968812 248.0502134423988 14.27999999999978
0.03848680238683477 248.0502134423988 14.29999999999978
0.03838223160893915 248.0502134423988 14.31999999999978
0.03827807912873265 248.0502134423988 14.33999999999978
0.03817434162151227 248.0502134423988 14.35999999999978
0.0380710172264838 248.0502134423988 14.37999999999978
0.03796810519975273 248.0502134423988 14.39999999999978
0.03786560529414247 248.0502134423988 14.41999999999978
0.03776351708366374 248.0502134423988 14.43999999999978
0.03766183946792068 248.0502134423988 14.45999999999978
0.03756057052560879 248.0502134423988 14.47999999999978
0.03745970775621679 248.0502134423988 14.49999999999978
0.03735924860464044 248.0502134423988 14.51999999999978
0.03725919105789086 248.0502134423988 14.53999999999978
0.03715953407234851 248.0502134423988 14.55999999999978
0.03706027765017461 248.0502134423988 14.57999999999978
0.03696142252600194 248.0502134423988 14.59999999999978
0.03686296960042473 248.0502134423988 14.61999999999978
0.03676491937823632 248.0502134423988 14.63999999999978
0.03666727166151266 248.0502134423988 14.65999999999978
0.0365700256087842 248.0502134423988 14.67999999999978
0.03647318008506751 248.0502134423988 14.69999999999978
0.03637673410295394 248.0502134423988 14.71999999999978
0.03628068714964754 248.0502134423988 14.73999999999977
0.0361850392852575 248.0502134423988 14.75999999999977
0.03608979101442823 248.0502134423988 14.77999999999977
0.03599494301610034 248.0502134423988 14.79999999999977
0.0359004958429102 248.0502134423988 14.81999999999977
0.03580644968500086 248.0502134423988 14.83999999999977
0.0357128042571585 248.0502134423988 14.85999999999977
0.03561955882797611 248.0502134423988 14.87999999999977
0.03552671236758858 248.0502134423988 14.89999999999977
0.03543426375133453 248.0502134423988 14.91999999999977
0.03534221193706518 248.0502134423988 14.93999999999977
0.03525055604954889 248.0502134423988 14.95999999999977
0.03515929535187409 248.0502134423988 14.97999999999977
0.03506842913447159 248.0502134423988 14.99999999999977
0.03497795657947517 248.0502134423988 15.01999999999977
0.03488787665279859 248.0502134423988 15.03999999999977
0.0347981880511818 248.0502134423988 15.05999999999977
0.03470888920768458 248.0502134423988 15.07999999999977
0.03461997834989903 248.0502134423988 15.09999999999977
0.03453145360605338 248.0502134423988 15.11999999999977
0.0344433131487116 248.0502134423988 15.13999999999977
0.0343555553460179 248.0502134423988 15.15999999999977
0.03426817887192359 248.0502134423988 15.17999999999977
0.03418118273517573 248.0502134423988 15.19999999999976
0.03409456622693472 248.0502134423988 15.21999999999976
0.03400832883219952 248.0502134423988 15.23999999999976
0.03392247016682443 248.0502134423988 15.25999999999976
0.03383698997894366 248.0502134423988 15.27999999999976
0.0337518882088636 248.0502134423988 15.29999999999976
0.03366716506402589 248.0502134423988 15.31999999999976
0.03358282105667038 248.0502134423988 15.33999999999976
0.03349885697479681 248.0502134423988 15.35999999999976
0.03341527379695255 248.0502134423988 15.37999999999976
0.03333207259320699 248.0502134423988 15.39999999999976
0.03324925445896294 248.0502134423988 15.41999999999976
0.03316682050399766 248.0502134423988 15.43999999999976
0.03308477188325507 248.0502134423988 15.45999999999976
0.03300310983060933 248.0502134423988 15.47999999999976
0.03292183565557209 248.0502134423988 15.49999999999976
0.03284095068434884 248.0502134423988 15.51999999999976
0.0327604561573728 248.0502134423988 15.53999999999976
0.03268035311800282 248.0502134423988 15.55999999999976
0.03260064232917299 248.0502134423988 15.57999999999976
0.03252132423639233 248.0502134423988 15.59999999999976
0.03244239896905784 248.0502134423988 15.61999999999976
0.03236386635397073 248.0502134423988 15.63999999999976
0.03228572591470696 248.0502134423988 15.65999999999976
0.03220797684613306 248.0502134423988 15.67999999999975
0.03213061797458451 248.0502134423988 15.69999999999975
0.0320536477284498 248.0502134423988 15.71999999999975
0.03197706414255947 248.0502134423988 15.73999999999975
0.03190086490355191 248.0502134423988 15.75999999999975
0.03182504742250283 248.0502134423988 15.77999999999975
0.03174960890846165 248.0502134423988 15.79999999999975
0.0316745464186711 248.0502134423988 15.81999999999975
0.03159985687485101 248.0502134423988 15.83999999999975
0.03152553705093444 248.0502134423988 15.85999999999975
0.03145158354806191 248.0502134423988 15.87999999999975
0.03137799277436723 248.0502134423988 15.89999999999975
0.0313047609413551 248.0502134423988 15.91999999999975
0.0312318840789931 248.0502134423988 15.93999999999975
0.03115935806248661 248.0502134423988 15.95999999999975
0.03108717863922732 248.0502134423988 15.97999999999975
0.031015341446382 248.0502134423988 15.99999999999975
0.03094384201615859 248.0502134423988 16.01999999999975
0.03087267577273741 248.0502134423988 16.03999999999975
0.03080183802852627 248.0502134423988 16.05999999999975
0.03073132398663014 248.0502134423988 16.07999999999975
0.03066112875253713 248.0502134423988 16.09999999999975
0.03059124735358871 248.0502134423988 16.11999999999975
0.03052167476225377 248.0502134423988 16.13999999999974
0.03045240591961852 248.0502134423988 16.15999999999974
0.03038343575795385 248.0502134423988 16.17999999999974
0.03031475922351759 248.0502134423988 16.19999999999974
0.03024637130101809 248.0502134423988 16.21999999999974
0.03017826703937483 248.0502134423988 16.23999999999974
0.03011044157630564 248.0502134423988 16.25999999999974
0.0300428901587437 248.0502134423988 16.27999999999974
0.02997560815750824 248.0502134423988 16.29999999999974
0.02990859107672877 248.0502134423988 16.31999999999974
0.02984183455970823 248.0502134423988 16.33999999999974
0.0297753343927848 248.0502134423988 16.35999999999974
0.0297090865080517 248.0502134423988 16.37999999999974
0.02964308698532507 248.0502134423988 16.39999999999974
0.02957733205356731 248.0502134423988 16.41999999999974
0.02951181809164184 248.0502134423988 16.43999999999974
0.02944654162768687 248.0502134423988 16.45999999999974
0.02938149933603506 248.0502134423988 16.47999999999974
0.02931668803095421 248.0502134423988 16.49999999999974
0.02925210465737321 248.0502134423988 16.51999999999974
0.02918774627947848 248.0502134423988 16.53999999999974
0.02912361006812132 248.0502134423988 16.55999999999974
0.02905969328754878 248.0502134423988 16.57999999999974
0.0289959932816298 248.0502134423988 16.59999999999973
0.02893250745979499 248.0502134423988 16.61999999999973
0.02886923328313258 248.0502134423988 16.63999999999973
0.02880616825112508 248.0502134423988 16.65999999999973
0.02874330988929864 248.0502134423988 16.67999999999973
0.02868065573782278 248.0502134423988 16.69999999999973
0.02861820334104828 248.0502134423988 16.71999999999973
0.02855595023806766 248.0502134423988 16.73999999999973
0.02849389395446377 248.0502134423988 16.75999999999973
0.02843203199542637 248.0502134423988 16.77999999999973
0.02837036184046454 248.0502134423988 16.79999999999973
0.02830888094008527 248.0502134423988 16.81999999999973
0.02824758671491799 248.0502134423988 16.83999999999973
0.02818647655764416 248.0502134423988 16.85999999999973
0.02812554783771174 248.0502134423988 16.87999999999973
0.02806479790839434 248.0502134423988 16.89999999999973
0.02800422411555101 248.0502134423988 16.91999999999973
0.02794382380749621 248.0502134423988 16.93999999999973
0.02788359434551458 248.0502134423988 16.95999999999973
0.02782353311457506 248.0502134423988 16.97999999999973
0.0277636375337472 248.0502134423988 16.99999999999973
0.02770390506587826 248.0502134423988 17.01999999999973
0.02764433322633674 248.0502134423988 17.03999999999973
0.02758491959093247 248.0502134423988 17.05999999999973
0.02752566180325767 248.0502134423988 17.07999999999972
0.02746655758157436 248.0502134423988 17.09999999999972
0.0274076047251374 248.0502134423988 17.11999999999972
0.02734880111970986 248.0502134423988 17.13999999999972
0.02729014474209324 248.0502134423988 17.15999999999972
0.02723163366366996 248.0502134423988 17.17999999999972
0.02717326605308234 248.0502134423988 17.19999999999972
0.02711504017817288 248.0502134423988 17.21999999999972
0.02705695440723987 248.0502134423988 17.23999999999972
0.02699900720961883 248.0502134423988 17.25999999999972
0.02694119715562925 248.0502134423988 17.27999999999972
0.02688352291598854 248.0502134423988 17.29999999999972
0.02682598326082125 248.0502134423988 17.31999999999972
0.02676857705834729 248.0502134423988 17.33999999999972
0.02671130327324204 248.0502134423988 17.35999999999972
0.02665416096457384 248.0502134423988 17.37999999999972
0.02659714928317719 248.0502134423988 17.39999999999972
0.02654026746832031 248.0502134423988 17.41999999999972
0.02648351484356355 248.0502134423988 17.43999999999972
0.02642689081176982 248.0502134423988 17.45999999999972
0.02637039484931476 248.0502134423988 17.47999999999972
0.02631402649964633 248.0502134423988 17.49999999999972
0.02625778536644004 248.0502134423988 17.51999999999972
0.02620167110665981 248.0502134423988 17.53999999999971
0.02614568342383963 248.0502134423988 17.55999999999971
0.02608982206184506 248.0502134423988 17.57999999999971
0.0260340867992731 248.0502134423988 17.59999999999971
0.02597847744453986 248.0502134423988 17.61999999999971
0.02592299383161848 248.0502134423988 17.63999999999971
0.02586763581634127 248.0502134423988 17.65999999999971
0.02581240327316918 248.0502134423988 17.67999999999971
0.02575729609234399 248.0502134423988 17.69999999999971
0.02570231417736398 248.0502134423988 17.71999999999971
0.02564745744275573 248.0502134423988 17.73999999999971
0.02559272581215089 248.0502134423988 17.75999999999971
0.02553811921671055 248.0502134423988 17.77999999999971
0.02548363759395852 248.0502134423988 17.79999999999971
0.02542928088707754 248.0502134423988 17.81999999999971
0.02537504904469046 248.0502134423988 17.83999999999971
0.02532094202110723 248.0502134423988 17.85999999999971
0.02526695977698871 248.0502134423988 17.87999999999971
0.0252131022803712 248.0502134423988 17.89999999999971
0.02515936950800717 248.0502134423988 17.91999999999971
0.02510576144699267 248.0502134423988 17.93999999999971
0.02505227809665803 248.0502134423988 17.95999999999971
0.02499891947069145 248.0502134423988 17.97999999999971
0.02494568559945201 248.0502134423988 17.99999999999971
0.02489257653241742 248.0502134423988 18.0199999999997
0.024839592340706 248.0502134423988 18.0399999999997
0.02478673311960902 248.0502134423988 18.0599999999997
0.02473399899106511 248.0502134423988 18.0799999999997
0.02468139010600385 248.0502134423988 18.0999999999997
0.0246289066464869 248.0502134423988 18.1199999999997
0.02457654882758567 248.0502134423988 18.1399999999997
0.02452431689895408 248.0502134423988 18.1599999999997
0.02447221114607593 248.0502134423988 18.1799999999997
0.02442023189118435 248.0502134423988 18.1999999999997
0.0243683794938647 248.0502134423988 18.2199999999997
0.02431665435136279 248.0502134423988 18.2399999999997
0.0242650568986282 248.0502134423988 18.2599999999997
0.02421358760812448 248.0502134423988 18.2799999999997
0.02416224698943422 248.0502134423988 18.2999999999997
0.02411103558867981 248.0502134423988 18.3199999999997
0.0240599539877725 248.0502134423988 18.3399999999997
0.02400900280349627 248.0502134423988 18.3599999999997
0.02395818268642676 248.0502134423988 18.3799999999997
0.02390749431967933 248.0502134423988 18.3999999999997
0.02385693841747416 248.0502134423988 18.4199999999997
0.02380651572350348 248.0502134423988 18.4399999999997
0.02375622700908631 248.0502134423988 18.4599999999997
0.02370607307110124 248.0502134423988 18.47999999999969
0.02365605472969558 248.0502134423988 18.49999999999969
0.0236061728257772 248.0502134423988 18.51999999999969
0.02355642821830381 248.0502134423988 18.53999999999969
0.02350682178138987 248.0502134423988 18.55999999999969
0.02345735440125597 248.0502134423988 18.57999999999969
0.02340802697304751 248.0502134423988 18.59999999999969
0.02335884039754962 248.0502134423988 18.61999999999969
0.0233097955778245 248.0502134423988 18.63999999999969
0.02326089341579541 248.0502134423988 18.65999999999969
0.02321213480880213 248.0502134423988 18.67999999999969
0.02316352064615397 248.0502134423988 18.69999999999969
0.02311505180570959 248.0502134423988 18.71999999999969
0.02306672915051534 248.0502134423988 18.73999999999969
0.02301855352553503 248.0502134423988 18.75999999999969
0.02297052575450386 248.0502134423988 18.77999999999969
0.02292264663693788 248.0502134423988 18.79999999999969
0.02287491694532734 248.0502134423988 18.81999999999969
0.02282733742253589 248.0502134423988 18.83999999999969
0.02277990877941919 248.0502134423988 18.85999999999969
0.02273263169266731 248.0502134423988 18.87999999999969
0.02268550680286779 248.0502134423988 18.89999999999969
0.02263853471278281 248.0502134423988 18.91999999999969
0.02259171598583232 248.0502134423988 18.93999999999969
0.02254505114477557 248.0502134423988 18.95999999999968
0.02249854067058356 248.0502134423988 18.97999999999968
0.02245218500149552 248.0502134423988 18.99999999999968
0.02240598453225174 248.0502134423988 19.01999999999968
0.02235993961349405 248.0502134423988 19.03999999999968
0.02231405055132248 248.0502134423988 19.05999999999968
0.0222683176069945 248.0502134423988 19.07999999999968
0.02222274099675225 248.0502134423988 19.09999999999968
0.02217732089176501 248.0502134423988 19.11999999999968
0.02213205741817739 248.0502134423988 19.13999999999968
0.02208695065725818 248.0502134423988 19.15999999999968
0.02204200064564693 248.0502134423988 19.17999999999968
0.02199720737569734 248.0502134423988 19.19999999999968
0.02195257079591575 248.0502134423988 19.21999999999968
0.02190809081149176 248.0502134423988 19.23999999999968
0.02186376728491562 248.0502134423988 19.25999999999968
0.02181960003667494 248.0502134423988 19.27999999999968
0.02177558884602217 248.0502134423988 19.29999999999968
0.02173173345180551 248.0502134423988 19.31999999999968
0.02168803355335771 248.0502134423988 19.33999999999968
0.02164448881143995 248.0502134423988 19.35999999999968
0.02160109884923924 248.0502134423988 19.37999999999968
0.02155786325341747 248.0502134423988 19.39999999999968
0.02151478157520869 248.0502134423988 19.41999999999967
0.02147185333155917 248.0502134423988 19.43999999999967
0.02142907800630243 248.0502134423988 19.45999999999967
0.02138645505136069 248.0502134423988 19.47999999999967
0.02134398388796424 248.0502134423988 19.49999999999967
0.02130166390788202 248.0502134423988 19.51999999999967
0.02125949447465874 248.0502134423988 19.53999999999967
0.02121747492485533 248.0502134423988 19.55999999999967
0.02117560456929104 248.0502134423988 19.57999999999967
0.02113388269428427 248.0502134423988 19.59999999999967
0.02109230856288959 248.0502134423988 19.61999999999967
0.02105088141612745 248.0502134423988 19.63999999999967
0.02100960047420355 248.0502134423988 19.65999999999967
0.02096846493771553 248.0502134423988 19.67999999999967
0.02092747398884557 248.0502134423988 19.69999999999967
0.02088662679253877 248.0502134423988 19.71999999999967
0.02084592249766749 248.0502134423988 19.73999999999967
0.0208053602381829 248.0502134423988 19.75999999999967
0.02076493913425428 248.0502134423988 19.77999999999967
0.02072465829339725 248.0502134423988 19.79999999999967
0.02068451681159086 248.0502134423988 19.81999999999967
0.02064451377438391 248.0502134423988 19.83999999999967
0.02060464825798975 248.0502134423988 19.85999999999967
0.02056491933036867 248.0502134423988 19.87999999999967
0.02052532605229644 248.0502134423988 19.89999999999966
0.02048586747841733 248.0502134423988 19.91999999999966
0.02044654265827962 248.0502134423988 19.93999999999966
0.02040735063735099 248.0502134423988 19.95999999999966
0.02036829045801099 248.0502134423988 19.97999999999966
0.02032936116051657 248.0502134423988 19.99999999999966
0.02029056178393577 248.0502134423988 20.01999999999966
