# time*2*pi	ke	dkedt	ke smag	dkedt smag
0	0.125		0.0	0.125  0
0.02	0.124990628	0.000468605	0.124990301	0.00048495
0.04	0.124981257	0.000468555	0.124980603	0.0004849
0.06	0.124971888	0.000468425	0.124970908	0.00048475
0.08	0.124962521	0.000468385	0.124961214	0.000484705
0.1	0.124953153	0.000468385	0.124951519	0.000484725
0.12	0.124943784	0.00046843	0.124941824	0.000484775
0.14	0.124934414	0.00046851	0.124932127	0.00048486
0.16	0.124925042	0.00046863	0.124922427	0.000485
0.18	0.124915666	0.000468795	0.124912723	0.00048517
0.2	0.124906286	0.000468995	0.124903016	0.000485385
0.22	0.124896901	0.000469245	0.124893303	0.00048565
0.24	0.12488751	0.000469525	0.124883584	0.00048595
0.26	0.124878113	0.00046986	0.124873858	0.000486305
0.28	0.124868708	0.000470235	0.124864123	0.000486705
0.3	0.124859295	0.00047065	0.124854381	0.00048714
0.32	0.124849873	0.000471105	0.124844628	0.000487625
0.34	0.124840441	0.00047161	0.124834865	0.000488155
0.36	0.124830998	0.00047215	0.12482509	0.000488735
0.38	0.124821543	0.000472745	0.124815303	0.000489355
0.4	0.124812076	0.00047338	0.124805503	0.00049003
0.42	0.124802594	0.00047406	0.124795688	0.000490745
0.44	0.124793099	0.000474785	0.124785857	0.000491515
0.46	0.124783588	0.000475555	0.124776011	0.000492325
0.48	0.12477406	0.00047637	0.124766147	0.00049319
0.5	0.124764516	0.000477235	0.124756265	0.000494095
0.52	0.124754953	0.000478145	0.124746364	0.000495065
0.54	0.124745371	0.0004791	0.124736443	0.00049607
0.56	0.124735769	0.0004801	0.1247265	0.00049713
0.58	0.124726145	0.00048116	0.124716535	0.000498245
0.6	0.1247165	0.000482255	0.124706547	0.000499405
0.62	0.124706832	0.000483405	0.124696535	0.00050062
0.64	0.12469714	0.0004846	0.124686497	0.000501885
0.66	0.124687423	0.000485845	0.124676433	0.0005032
0.68	0.12467768	0.000487145	0.124666341	0.000504575
0.7	0.124667911	0.00048849	0.124656221	0.000505995
0.72	0.124658113	0.000489885	0.124646072	0.00050747
0.74	0.124648286	0.000491335	0.124635892	0.000509005
0.76	0.12463843	0.00049283	0.12462568	0.000510585
0.78	0.124628542	0.00049438	0.124615436	0.00051223
0.8	0.124618622	0.000495985	0.124605157	0.000513925
0.82	0.12460867	0.000497635	0.124594844	0.000515675
0.84	0.124598683	0.00049934	0.124584494	0.00051748
0.86	0.124588661	0.000501105	0.124574107	0.00051934
0.88	0.124578603	0.00050291	0.124563682	0.000521265
0.9	0.124568507	0.00050478	0.124553217	0.000523245
0.92	0.124558373	0.0005067	0.124542712	0.000525275
0.94	0.124548199	0.00050868	0.124532164	0.00052737
0.96	0.124537985	0.000510705	0.124521574	0.00052952
0.98	0.124527729	0.00051279	0.124510939	0.000531735
1	0.124517431	0.00051493	0.124500259	0.000534005
1.02	0.124507088	0.00051713	0.124489532	0.000536335
1.04	0.124496701	0.00051938	0.124478758	0.00053873
1.06	0.124486267	0.000521695	0.124467934	0.000541175
1.08	0.124475786	0.00052406	0.12445706	0.000543695
1.1	0.124465256	0.00052649	0.124446135	0.00054627
1.12	0.124454676	0.00052897	0.124435157	0.000548905
1.14	0.124444046	0.000531515	0.124424125	0.00055161
1.16	0.124433364	0.000534115	0.124413037	0.00055437
1.18	0.124422628	0.00053678	0.124401893	0.0005572
1.2	0.124411838	0.0005395	0.124390691	0.00056009
1.22	0.124400993	0.00054228	0.12437943	0.00056305
1.24	0.12439009	0.000545125	0.124368109	0.00056607
1.26	0.124379129	0.00054803	0.124356726	0.000569155
1.28	0.12436811	0.000550995	0.12434528	0.000572315
1.3	0.124357029	0.00055402	0.124333769	0.00057553
1.32	0.124345887	0.000557115	0.124322192	0.000578825
1.34	0.124334681	0.00056027	0.124310549	0.000582175
1.36	0.124323412	0.00056349	0.124298837	0.000585605
1.38	0.124312076	0.00056677	0.124287055	0.000589095
1.4	0.124300674	0.00057012	0.124275202	0.000592655
1.42	0.124289203	0.00057353	0.124263276	0.000596295
1.44	0.124277663	0.000577015	0.124251276	0.000599995
1.46	0.124266052	0.000580555	0.124239201	0.00060377
1.48	0.124254368	0.000584175	0.124227048	0.00060762
1.5	0.124242611	0.00058785	0.124214817	0.00061154
1.52	0.124230779	0.0005916	0.124202507	0.00061553
1.54	0.124218871	0.000595415	0.124190115	0.000619595
1.56	0.124206885	0.0005993	0.12417764	0.000623735
1.58	0.12419482	0.000603255	0.124165081	0.000627955
1.6	0.124182674	0.000607285	0.124152436	0.00063224
1.62	0.124170447	0.00061138	0.124139704	0.000636605
1.64	0.124158136	0.000615545	0.124126883	0.000641055
1.66	0.12414574	0.00061979	0.124113972	0.00064557
1.68	0.124133258	0.0006241	0.124100968	0.00065017
1.7	0.124120688	0.00062849	0.124087871	0.00065485
1.72	0.124108029	0.000632945	0.124074679	0.000659605
1.74	0.12409528	0.000637485	0.12406139	0.000664445
1.76	0.124082438	0.000642095	0.124048003	0.000669365
1.78	0.124069502	0.00064678	0.124034516	0.000674365
1.8	0.124056471	0.00065154	0.124020927	0.000679445
1.82	0.124043344	0.00065638	0.124007235	0.00068461
1.84	0.124030118	0.000661295	0.123993437	0.00068986
1.86	0.124016792	0.000666295	0.123979534	0.000695195
1.88	0.124003365	0.00067136	0.123965521	0.000700615
1.9	0.123989834	0.00067652	0.123951399	0.000706115
1.92	0.123976199	0.000681745	0.123937165	0.00071171
1.94	0.123962458	0.000687065	0.123922817	0.000717385
1.96	0.123948609	0.000692455	0.123908354	0.00072316
1.98	0.12393465	0.000697935	0.123893774	0.00072901
2	0.12392058	0.000703495	0.123879075	0.000734955
2.02	0.123906398	0.000709135	0.123864255	0.000740995
2.04	0.123892101	0.000714855	0.123849312	0.00074712
2.06	0.123877687	0.00072067	0.123834245	0.00075334
2.08	0.123863156	0.00072656	0.123819052	0.000759655
2.1	0.123848505	0.000732535	0.123803731	0.00076605
2.12	0.123833733	0.000738605	0.12378828	0.00077256
2.14	0.123818838	0.000744755	0.123772697	0.000779155
2.16	0.123803818	0.000750995	0.12375698	0.000785845
2.18	0.123788672	0.00075732	0.123741128	0.00079263
2.2	0.123773397	0.000763735	0.123725137	0.000799515
2.22	0.123757992	0.000770235	0.123709007	0.0008065
2.24	0.123742456	0.000776825	0.123692736	0.00081358
2.26	0.123726786	0.000783505	0.12367632	0.000820765
2.28	0.12371098	0.000790275	0.123659759	0.000828045
2.3	0.123695038	0.000797135	0.123643051	0.000835425
2.32	0.123678956	0.000804085	0.123626193	0.000842915
2.34	0.123662733	0.00081113	0.123609183	0.000850505
2.36	0.123646368	0.000818265	0.123592019	0.000858195
2.38	0.123629858	0.000825495	0.123574699	0.00086599
2.4	0.123613202	0.000832815	0.123557221	0.000873895
2.42	0.123596397	0.000840235	0.123539583	0.00088191
2.44	0.123579442	0.000847735	0.123521782	0.00089002
2.46	0.123562336	0.00085534	0.123503818	0.00089824
2.48	0.123545075	0.000863035	0.123485686	0.000906575
2.5	0.123527658	0.00087083	0.123467386	0.000915025
2.52	0.123510084	0.00087872	0.123448914	0.00092357
2.54	0.12349235	0.0008867	0.123430269	0.00093224
2.56	0.123474454	0.000894775	0.123411449	0.000941005
2.58	0.123456395	0.000902945	0.123392451	0.00094989
2.6	0.123438171	0.00091123	0.123373273	0.000958905
2.62	0.123419779	0.000919615	0.123353913	0.000968035
2.64	0.123401216	0.00092812	0.123334367	0.0009773
2.66	0.123382482	0.00093669	0.123314633	0.00098666
2.68	0.123363575	0.00094537	0.123294711	0.00099614
2.7	0.123344492	0.000954165	0.123274596	0.00100575
2.72	0.12332523	0.000963065	0.123254286	0.001015495
2.74	0.123305789	0.000972065	0.123233779	0.001025355
2.76	0.123286166	0.00098117	0.123213072	0.00103534
2.78	0.123266358	0.000990405	0.123192162	0.001045485
2.8	0.123246362	0.00099976	0.123171047	0.001055755
2.82	0.123226178	0.001009225	0.123149724	0.001066175
2.84	0.123205802	0.001018795	0.123128189	0.001076725
2.86	0.123185232	0.001028515	0.12310644	0.00108743
2.88	0.123164464	0.001038365	0.123084474	0.00109831
2.9	0.123143499	0.00104827	0.123062289	0.001109265
2.92	0.123122331	0.00105838	0.12303988	0.00112044
2.94	0.123100959	0.001068615	0.123017244	0.00113179
2.96	0.123079379	0.001078985	0.122994378	0.001143295
2.98	0.123057589	0.001089495	0.122971279	0.001154965
3	0.123035586	0.00110018	0.122947942	0.001166835
3.02	0.123013365	0.001111035	0.122924364	0.00117891
3.04	0.122990926	0.001121955	0.122900542	0.00119111
3.06	0.122968264	0.001133115	0.122876471	0.00120355
3.08	0.122945375	0.00114446	0.122852147	0.00121622
3.1	0.122922255	0.00115597	0.122827565	0.00122908
3.12	0.122898902	0.00116767	0.122802722	0.00124217
3.14	0.122875309	0.001179615	0.122777611	0.001255555
3.16	0.122851473	0.0011918	0.122752226	0.00126921
3.18	0.122827391	0.001204105	0.122726565	0.00128305
3.2	0.12280306	0.00121659	0.122700624	0.00129709
3.22	0.122778473	0.001229335	0.122674395	0.00131143
3.24	0.122753625	0.001242405	0.122647873	0.00132612
3.26	0.12272851	0.001255745	0.122621049	0.001341165
3.28	0.12270312	0.001269475	0.122593917	0.00135661
3.3	0.122677453	0.00128338	0.12256647	0.001372335
3.32	0.122651504	0.001297435	0.122538706	0.00138823
3.34	0.122625267	0.00131183	0.122510615	0.00140455
3.36	0.122598733	0.00132674	0.122482187	0.001421405
3.38	0.122571894	0.00134194	0.122453413	0.00143867
3.4	0.122544746	0.0013574	0.122424289	0.00145623
3.42	0.122517283	0.00137316	0.122394804	0.001474245
3.44	0.122489497	0.001389295	0.122364951	0.001492615
3.46	0.122461381	0.001405775	0.12233472	0.00151158
3.48	0.122432925	0.001422795	0.122304098	0.0015311
3.5	0.122404115	0.001440535	0.122273068	0.0015515
3.52	0.122374947	0.00145837	0.122241626	0.001572095
3.54	0.122345414	0.001476675	0.122209761	0.00159326
3.56	0.122315496	0.0014959	0.122177462	0.00161496
3.58	0.122285184	0.001515575	0.122144705	0.00163782
3.6	0.122254463	0.001536065	0.122111481	0.00166119
3.62	0.122223317	0.001557305	0.122077774	0.00168537
3.64	0.122191733	0.0015792	0.122043569	0.00171024
3.66	0.122159699	0.00160167	0.122008853	0.00173579
3.68	0.1221272	0.001624955	0.121973612	0.00176208
3.7	0.122094217	0.00164916	0.121937826	0.00178931
3.72	0.122060735	0.001674115	0.121901476	0.001817465
3.74	0.12202674	0.001699735	0.12186455	0.001846335
3.76	0.121992212	0.00172641	0.121827027	0.00187614
3.78	0.121957129	0.001754125	0.121788886	0.001907035
3.8	0.121921476	0.00178268	0.121750107	0.00193896
3.82	0.121885235	0.00181203	0.121710669	0.00197188
3.84	0.121848387	0.001842425	0.121670555	0.002005695
3.86	0.121810903	0.001874195	0.121629741	0.0020407
3.88	0.121772774	0.00190646	0.121588209	0.00207661
3.9	0.121733987	0.00193935	0.121545952	0.002112865
3.920000001	0.121694539	0.00197236	0.121502946	0.0021503
3.94	0.121654396	0.00200719	0.121459172	0.002188715
3.96	0.121613527	0.00204341	0.121414597	0.002228705
3.98	0.12157191	0.00208088	0.1213692	0.002269895
4	0.121529522	0.002119385	0.12132296	0.00231197
4.02	0.121486329	0.002159635	0.121275849	0.002355565
4.04	0.121442313	0.00220082	0.121227843	0.002400285
4.06	0.121397444	0.00224344	0.121178911	0.002446615
4.08	0.121351698	0.002287325	0.121129044	0.00249333
4.1	0.121305049	0.00233245	0.121078209	0.002541785
4.12	0.121257474	0.00237874	0.121026424	0.002589215
4.14	0.12120892	0.00242769	0.120973623	0.002640065
4.16	0.121159406	0.0024757	0.120919775	0.00269238
4.18	0.121108857	0.002527465	0.120864889	0.002744315
4.2	0.121057207	0.002582475	0.120808848	0.002802035
4.22	0.121004449	0.002637905	0.12075164	0.00286044
4.24	0.120950553	0.002694825	0.120693237	0.002920145
4.26	0.120895519	0.002751675	0.120633726	0.002975535
4.28	0.120839285	0.002811695	0.120572959	0.003038345
4.3	0.120781801	0.00287423	0.120510941	0.00310088
4.32	0.120723122	0.002933955	0.120447677	0.003163215
4.340000001	0.120663281	0.00299204	0.120383203	0.003223715
4.36	0.120602421	0.003042975	0.12031768	0.00327616
4.38	0.120540466	0.003097775	0.120251063	0.00333082
4.4	0.120477428	0.0031519	0.120183288	0.00338877
4.42	0.120413336	0.003204605	0.120114309	0.00344895
4.44	0.120348365	0.00324855	0.120044175	0.003506705
4.46	0.12028246	0.003295255	0.119973078	0.00355482
4.48	0.120215509	0.00334751	0.119900941	0.003606845
4.5	0.120147568	0.003397075	0.119827676	0.00366329
4.52	0.120078513	0.003452745	0.119753297	0.00371895
4.54	0.120008668	0.00349226	0.119677875	0.00377107
4.56	0.119938002	0.00353331	0.119601505	0.00381851
4.58	0.119866468	0.0035767	0.119524258	0.003862345
4.6	0.119794119	0.00361745	0.119446161	0.00390485
4.62	0.11972067	0.003672425	0.119367099	0.003953095
4.64	0.119646246	0.003721215	0.119286972	0.00400634
4.66	0.119570733	0.00377562	0.119205801	0.00405856
4.68	0.119494252	0.003824075	0.119123496	0.00411526
4.7	0.119416803	0.00387246	0.119040182	0.0041657
4.72	0.119338298	0.003925255	0.118955745	0.004221835
4.74	0.119258882	0.00397078	0.118870263	0.00427413
4.760000001	0.119178548	0.00401672	0.118783872	0.00431952
4.78	0.119097358	0.00405948	0.118696495	0.00436885
4.8	0.119015405	0.004097655	0.118608288	0.00441035
4.82	0.118932619	0.004139295	0.118519247	0.004452085
4.84	0.118849146	0.00417363	0.118429333	0.0044957
4.86	0.118765026	0.004206025	0.118338636	0.004534835
4.88	0.118680232	0.00423969	0.118247162	0.0045737
4.9	0.118594673	0.004277935	0.118154942	0.004610995
4.920000001	0.118508337	0.004316815	0.118061905	0.00465185
4.94	0.1184211	0.004361865	0.117967997	0.004695385
4.96	0.118333046	0.004402675	0.117873227	0.00473853
4.98	0.1182442	0.00444231	0.117777662	0.00477826
5	0.11815465	0.004477505	0.117681271	0.00481954
5.02	0.118064412	0.00451188	0.117584091	0.004859005
5.04	0.117973494	0.004545915	0.117486176	0.004895725
5.06	0.117881915	0.004578945	0.117387586	0.004929495
5.08	0.117789676	0.004611955	0.117288297	0.004964465
5.1	0.11769681	0.00464332	0.117188362	0.004996735
5.12	0.117603343	0.00467336	0.117087772	0.0050295
5.14	0.117509249	0.00470466	0.116986544	0.005061435
5.16	0.117414442	0.004740385	0.116884597	0.005097305
5.180000001	0.117318937	0.00477524	0.116781975	0.005131125
5.2	0.117222807	0.004806485	0.116678708	0.005163335
5.22	0.117126128	0.004833965	0.116574822	0.00519429
5.24	0.11702898	0.004857405	0.11647044	0.005219135
5.26	0.116931285	0.00488475	0.116365472	0.00524838
5.28	0.11683307	0.00491073	0.11625996	0.00527563
5.3	0.11673435	0.00493602	0.116153928	0.00530159
5.32	0.116635115	0.00496176	0.116047399	0.00532642
5.340000001	0.11653541	0.004985225	0.115940361	0.005351905
5.36	0.116435252	0.0050079	0.115832829	0.00537661
5.38	0.11633468	0.00502861	0.115724787	0.005402125
5.4	0.116233681	0.00504992	0.115616254	0.005426635
5.42	0.116132226	0.00507275	0.115507256	0.00544991
5.440000001	0.116030351	0.00509377	0.115397783	0.005473615
5.46	0.115927948	0.00512017	0.115287812	0.00549855
5.48	0.115825097	0.005142535	0.115177328	0.00552421
5.5	0.115721813	0.005164205	0.115066368	0.005547985
5.52	0.11561813	0.005184145	0.114955007	0.005568095
5.54	0.115514061	0.005203445	0.114843275	0.005586585
5.56	0.115409597	0.00522318	0.114731089	0.00560929
5.58	0.115304662	0.00524677	0.11461846	0.005631435
5.600000001	0.115199311	0.00526755	0.114505383	0.00565388
5.62	0.115093572	0.005286935	0.114391862	0.005676045
5.64	0.114987416	0.005307805	0.114277912	0.005697505
5.66	0.114880745	0.00533358	0.114163509	0.005720155
5.68	0.114773612	0.00535662	0.114048611	0.00574487
5.7	0.114665996	0.00538083	0.1139332	0.00577056
5.72	0.114557933	0.005403155	0.113817267	0.00579666
5.74	0.114449406	0.00542634	0.113700807	0.00582299
5.760000001	0.114340423	0.00544914	0.113583904	0.00584513
5.78	0.114230876	0.00547734	0.113466492	0.00587063
5.8	0.114120782	0.005504695	0.113348477	0.005900735
5.82	0.114010021	0.00553806	0.1132299	0.005928865
5.84	0.113898664	0.005567855	0.113110645	0.00596272
5.860000001	0.113786752	0.00559559	0.112990751	0.005994705
5.88	0.113674131	0.005631045	0.112870224	0.00602635
5.9	0.113560931	0.005660035	0.112749001	0.006061165
5.920000001	0.113447084	0.00569231	0.112627175	0.00609128
5.94	0.113332599	0.005724245	0.11250469	0.00612427
5.96	0.11321737	0.005761455	0.112381517	0.006158655
5.98	0.113101388	0.00579911	0.112257687	0.00619151
6	0.112984733	0.005832735	0.112133118	0.006228415
6.020000001	0.112867482	0.00586258	0.112007921	0.006259875
6.04	0.112749537	0.00589726	0.111882082	0.006291965
6.06	0.112630903	0.00593166	0.11175553	0.00632756
6.08	0.112511547	0.00596784	0.111628263	0.006363375
6.1	0.112391413	0.0060067	0.1115003	0.006398135
6.12	0.112270539	0.006043695	0.111371581	0.006435975
6.14	0.112148873	0.006083265	0.111242156	0.006471235
6.16	0.112026454	0.00612099	0.111112029	0.00650637
6.180000001	0.111903235	0.006160945	0.110981123	0.00654527
6.2	0.111779342	0.00619463	0.110849556	0.006578355
6.22	0.111654685	0.006232835	0.110717322	0.006611715
6.24	0.111529277	0.006270425	0.110584392	0.00664647
6.26	0.11140302	0.00631283	0.110450743	0.006682465
6.280000001	0.11127597	0.006352515	0.110316412	0.00671657
6.300000003	0.111148074	0.006394804	0.110181308	0.006755174
6.319999998	0.111019319	0.006437747	0.110045402	0.006795297
6.339999999	0.110889691	0.006481415	0.109908725	0.00683389
6.36	0.110759089	0.0065301	0.109771287	0.00687186
6.38	0.11062752	0.00657846	0.109633118	0.006908455
6.400000001	0.110494905	0.006630725	0.109494147	0.006948565
6.420000002	0.110361534	0.00666857	0.109354385	0.00698808
6.440000003	0.110227343	0.00670954	0.109213747	0.007031925
6.459999998	0.110092276	0.006753367	0.109072201	0.007077297
6.479999999	0.109956226	0.00680249	0.108929841	0.007117975
6.499999999	0.109819293	0.006846635	0.108786745	0.007154835
6.52	0.109681431	0.00689311	0.108642885	0.007192995
6.540000001	0.109542652	0.00693896	0.108498245	0.007232005
6.560000002	0.109402828	0.006991175	0.108352722	0.007276115
6.580000003	0.109262083	0.00703728	0.108206358	0.00731822
6.599999997	0.109120349	0.007086677	0.108059179	0.007358947
6.619999998	0.108977932	0.007120865	0.107911149	0.00740152
6.639999999	0.108834734	0.007159875	0.10776233	0.007440915
6.66	0.108690829	0.00719527	0.107612721	0.00748045
6.680000001	0.108546219	0.007230505	0.107462306	0.00752079
6.700000002	0.10840111	0.007255415	0.10731121	0.007554805
6.720000003	0.108255597	0.007275685	0.107159399	0.00759052
6.739999997	0.108109519	0.007303867	0.107006936	0.007623182
6.759999998	0.107962952	0.00732837	0.106853935	0.00765005
6.779999999	0.107815851	0.00735506	0.106700281	0.007682695
6.8	0.107668333	0.007375875	0.106545924	0.007717825
6.820000001	0.107520201	0.007406615	0.106390936	0.0077494
6.840000002	0.107371606	0.007429755	0.106235384	0.00777763
6.860000002	0.107222404	0.007460115	0.106079235	0.00780744
6.880000003	0.107072759	0.007482225	0.105922449	0.007839275
6.899999998	0.106922663	0.007504812	0.105765042	0.007870377
6.919999999	0.106772066	0.007529845	0.105607052	0.007899485
6.94	0.106620967	0.00755494	0.105448511	0.00792703
6.960000001	0.106469398	0.00757844	0.10528925	0.007963075
6.980000001	0.106317147	0.00761256	0.105129337	0.007995645
7.000000002	0.106164114	0.00765168	0.104968702	0.00803177
7.020000003	0.106010246	0.00769337	0.104807409	0.00806462
7.039999998	0.105855474	0.007738622	0.104645292	0.008105862
7.059999999	0.105699877	0.00777982	0.104482398	0.00814471
7.079999999	0.105542913	0.00784821	0.104318641	0.008187835
7.1	0.105384678	0.007911745	0.104153913	0.008236405
7.120000001	0.105225127	0.007977545	0.103987945	0.00829839
7.140000002	0.105064288	0.00804198	0.103820779	0.008358305
7.160000003	0.104902495	0.00808964	0.103652355	0.008421215
7.179999997	0.104739333	0.008158102	0.10348292	0.008471722
7.199999998	0.104575165	0.008208425	0.103312378	0.00852711
7.219999999	0.104409847	0.008265885	0.103140611	0.00858837
7.24	0.104243308	0.008326965	0.102967714	0.00864484
7.260000001	0.104075625	0.00838413	0.102793779	0.00869677
7.280000002	0.103906483	0.008457075	0.102618663	0.008755775
7.300000003	0.103736081	0.008520135	0.102442254	0.00882047
7.319999997	0.103564158	0.008596152	0.102264609	0.008882262
7.339999998	0.103391037	0.00865603	0.102085613	0.00894978
7.359999999	0.103216333	0.008735215	0.101905218	0.009019765
7.38	0.103040181	0.00880758	0.101723294	0.009096165
7.400000001	0.10286255	0.00888155	0.101540136	0.009157895
7.420000002	0.10268349	0.008953015	0.101355706	0.0092215
7.440000002	0.102502973	0.00902585	0.101169956	0.009287545
7.460000003	0.102321383	0.009079505	0.100982971	0.00934925
7.479999998	0.102138649	0.009136717	0.100794999	0.009398593
7.499999999	0.101955041	0.0091804	0.100605696	0.009465145
7.52	0.101770631	0.0092205	0.100415224	0.00952358
7.540000001	0.101585297	0.00926668	0.100223593	0.00958155
7.560000001	0.101399214	0.009304165	0.100030918	0.00963378
7.580000002	0.101212284	0.009346465	0.099837231	0.00968432
7.600000003	0.101024345	0.00939695	0.099642505	0.009736298
7.619999998	0.100835385	0.009448038	0.09944675	0.009787766
7.639999999	0.100645253	0.0095066	0.099249965	0.009839251
7.659999999	0.100454025	0.00956139	0.099051899	0.009903276
7.68	0.100261548	0.009623855	0.098852561	0.009966918
7.700000001	0.100067902	0.00968231	0.098652038	0.01002615
7.720000002	0.099873101	0.009740039	0.098450435	0.010080129
7.740000003	0.099677149	0.009797582	0.098247738	0.010134897
7.759999998	0.099480368	0.009839046	0.098043796	0.010197057
7.779999998	0.09928239	0.009898902	0.097838728	0.010253446
7.799999999	0.099082618	0.009988609	0.09763248	0.010312366
7.82	0.098881025	0.010079632	0.097424837	0.010382181
7.840000001	0.09867765	0.010168764	0.097215814	0.010451152
7.860000002	0.098472737	0.010245636	0.09700525	0.010528161
7.880000003	0.098266538	0.010309961	0.096793121	0.010606484
7.899999997	0.098058738	0.010390026	0.096579508	0.01068063
7.919999998	0.097849136	0.010480089	0.096364717	0.010739555
7.939999999	0.097637604	0.010576598	0.096148559	0.010807884
7.96	0.097423978	0.010681307	0.095930886	0.010883666
7.980000001	0.097208469	0.010775419	0.09571172	0.010958298
8.000000002	0.096991417	0.010852603	0.095490882	0.0110419
8.020000003	0.096773092	0.010916287	0.095268289	0.011129664
8.040000003	0.096553892	0.010960001	0.09504415	0.011206921
8.059999998	0.096332968	0.011046189	0.094818674	0.01127382
8.079999999	0.096110263	0.011135231	0.094592069	0.011330243
8.1	0.095885509	0.011237715	0.094364136	0.011396659
8.120000001	0.095658755	0.011337674	0.094134909	0.011461346
8.140000001	0.095430286	0.011423481	0.09390427	0.011531925
8.160000002	0.095200549	0.011486821	0.093672163	0.011605362
8.180000003	0.094969784	0.011538248	0.093438711	0.011672621
8.199999998	0.094737973	0.011590557	0.093204201	0.011725467
8.219999999	0.094505252	0.011636058	0.092968872	0.011766466
8.24	0.094271085	0.011708338	0.092732694	0.011808909
8.26	0.094035221	0.011793198	0.092495605	0.011854443
8.280000001	0.093798308	0.011845692	0.092257751	0.011892694
8.300000002	0.093560242	0.011903282	0.092018931	0.01194101
8.320000003	0.093321194	0.011952395	0.091779359	0.011978608
8.339999998	0.093080907	0.012014349	0.091539086	0.012013624
8.359999998	0.09283994	0.012048369	0.091298248	0.01204193
8.379999999	0.09259845	0.012074495	0.091057245	0.012050154
8.4	0.09235659	0.012092959	0.09081598	0.012063209
8.420000001	0.092113863	0.012136369	0.090574234	0.012087304
8.440000002	0.09187032	0.012177175	0.090332021	0.012110692
8.460000003	0.091624888	0.01227159	0.090089408	0.012130628
8.479999997	0.091378377	0.012325526	0.089846309	0.012154947
8.499999998	0.091131344	0.012351684	0.089602459	0.012192507
8.519999999	0.090885601	0.012287131	0.0893583	0.012207932
8.54	0.090640659	0.012247095	0.08911466	0.012182009
8.560000001	0.09039555	0.012255447	0.088871747	0.012145651
8.580000002	0.090148348	0.012360093	0.088629231	0.012125778
8.600000003	0.089899077	0.012463562	0.088385364	0.012193355
8.620000003	0.089650471	0.012430291	0.088139675	0.012284445
8.639999998	0.089403348	0.012356145	0.087893768	0.012295398
8.659999999	0.089157911	0.012271871	0.08764952	0.012212352
8.68	0.088913387	0.012226217	0.08740665	0.012143539
8.700000001	0.088668142	0.012262233	0.087164759	0.012094532
8.720000001	0.088422019	0.012306134	0.086922658	0.012105041
8.740000002	0.088176458	0.012278049	0.086679581	0.012153878
8.760000003	0.087931045	0.012270648	0.086437131	0.01212248
8.779999998	0.087684613	0.012321604	0.086195958	0.012058664
8.799999999	0.087436606	0.012400346	0.085955433	0.012026249
8.82	0.087187791	0.012440753	0.085713756	0.012083847
8.84	0.086938414	0.012468848	0.085471405	0.01211756
8.860000001	0.08668789	0.01252622	0.085229128	0.012113848
8.880000002	0.086437633	0.012512862	0.08498743	0.012084902
8.900000003	0.086188558	0.0124537	0.084745564	0.012093287
8.919999998	0.085937744	0.012540731	0.084503147	0.012120833
8.939999998	0.085683384	0.012717998	0.084260659	0.012124436
8.959999999	0.085429021	0.012718134	0.084017679	0.01214898
8.98	0.085177518	0.012575153	0.083773126	0.012227623
9.000000001	0.084927898	0.012481002	0.083529802	0.012166203
9.020000002	0.084677144	0.012537726	0.083288342	0.012073027
9.040000003	0.084426964	0.012508961	0.08304759	0.01203759
9.059999997	0.084178971	0.012399687	0.082806012	0.012078901
9.079999998	0.083932819	0.012307591	0.082566062	0.011997515
9.099999999	0.083687555	0.012263194	0.082328991	0.011853541
9.12	0.083443822	0.012186665	0.082093367	0.011781171
9.140000001	0.083202037	0.012089244	0.081857279	0.011804441
9.160000002	0.082962062	0.011998743	0.081622306	0.011748636
9.180000003	0.082723033	0.01195144	0.081389747	0.011627965
9.200000003	0.082485221	0.011890628	0.081158881	0.011543259
9.219999998	0.08224973	0.011774526	0.080928173	0.011535401
9.239999999	0.082015062	0.0117334	0.080698302	0.011493589
9.26	0.081780456	0.011730287	0.080470323	0.011398913
9.280000001	0.081546817	0.011681943	0.080243641	0.011334101
9.300000002	0.081315225	0.011579597	0.080017373	0.011313428
9.320000002	0.081084949	0.011513802	0.079791708	0.011283261
9.340000003	0.080854858	0.011504589	0.079566979	0.011236445
9.359999998	0.080624931	0.011496345	0.079343486	0.011174626
9.379999999	0.08039558	0.011467554	0.079120609	0.01114386
9.4	0.080167028	0.011427582	0.078897695	0.011145681
9.42	0.079938905	0.011406129	0.078674948	0.011137364
9.440000001	0.079710726	0.011408977	0.078452786	0.011108128
9.460000002	0.079483044	0.011384081	0.078230924	0.011093065
9.480000003	0.079255639	0.011370255	0.078008933	0.011099563
9.499999998	0.079028852	0.011339347	0.077786905	0.011101423
9.519999999	0.078802149	0.011335186	0.077565211	0.011084675
9.539999999	0.07857556	0.011329407	0.077343815	0.011069791
9.56	0.078348661	0.011344956	0.077122315	0.011075014
9.580000001	0.078121526	0.011356777	0.076900726	0.011079449
9.600000002	0.077894226	0.011364966	0.076678956	0.011088506
9.620000003	0.077666474	0.011387627	0.076456898	0.011102911
9.639999997	0.077438629	0.011392258	0.076235026	0.01109359
9.659999998	0.077211193	0.011371787	0.076013319	0.011085318
9.679999999	0.076984187	0.011350291	0.075791401	0.011095914
9.7	0.076757249	0.011346923	0.075569012	0.011119468
9.720000001	0.076529892	0.011367819	0.075346359	0.01113263
9.740000002	0.076302435	0.011372867	0.075123672	0.011134374
9.760000003	0.076075168	0.011363328	0.07490123	0.0111221
9.780000004	0.075847992	0.011358806	0.074679059	0.011108556
9.799999998	0.075621031	0.011348051	0.074456994	0.011103224
9.819999999	0.075393592	0.011371949	0.074234958	0.011101819
9.84	0.075165947	0.011382251	0.074012782	0.011108804
9.860000001	0.074938515	0.011371641	0.073790799	0.01109913
9.880000002	0.074711393	0.011356067	0.073568962	0.011091868
9.900000002	0.074484169	0.011361199	0.073347615	0.011067347
9.920000003	0.074256711	0.011372916	0.073126909	0.011035283
9.939999998	0.074029363	0.011367394	0.07290667	0.011011947
9.959999999	0.07380193	0.011371659	0.072686572	0.011004891
9.98	0.073574683	0.011362339	0.072466926	0.010982325
10	0.073347122	0.011378035	0.072247575	0.01096757
10.02	0.073119712	0.011370503	0.072028317	0.010962865
10.04	0.072892671	0.011352076	0.071809067	0.01096252
10.06	0.072665717	0.01134768	0.071590034	0.010951631
10.08	0.072438984	0.01133666	0.071371362	0.010933611
10.1	0.072212536	0.011322424	0.071152752	0.010930523
10.12	0.071985942	0.011329696	0.070934083	0.010933422
10.14	0.071759118	0.011341189	0.070715348	0.010936765
10.16	0.071532265	0.011342646	0.070496761	0.010929342
10.18	0.071305392	0.011343661	0.070278419	0.01091712
10.2	0.071078615	0.011338811	0.070060264	0.010907732
10.22	0.070851847	0.011338417	0.069842321	0.010897142
10.24	0.070625128	0.011335965	0.069624339	0.010899102
10.26	0.070398448	0.011334014	0.06940644	0.010894968
10.28	0.070172014	0.011321656	0.069188508	0.010896569
10.3	0.069945859	0.011307788	0.068970362	0.010907329
10.32	0.069719735	0.011306181	0.068752256	0.010905269
10.34	0.069493845	0.011294498	0.068534074	0.01090912
10.36	0.069268273	0.011278594	0.068315694	0.010918998
10.38	0.069042442	0.011291567	0.068097454	0.010911997
10.4	0.068816557	0.011294263	0.067879424	0.010901504
10.42	0.068590801	0.011287799	0.067661203	0.010911065
10.44	0.068365184	0.011280857	0.06744299	0.010910633
10.46	0.068139673	0.011275542	0.067224361	0.010931439
10.48	0.067914469	0.011260177	0.067005369	0.010949617
10.5	0.067689287	0.011259112	0.066786163	0.010960317
10.52	0.0674641	0.011259357	0.066566851	0.010965556
10.54	0.067238905	0.011259735	0.06634761	0.010962074
10.56	0.06701361	0.011264777	0.066128252	0.010967894
10.58	0.06678838	0.011261488	0.065909003	0.010962456
10.6	0.066563418	0.011248111	0.065689988	0.010950726
10.62	0.066338831	0.011229313	0.065471139	0.010942492
10.64	0.066114302	0.011226473	0.065252551	0.010929375
10.66	0.065889854	0.011222379	0.065034064	0.01092436
10.68	0.06566536	0.011224714	0.06481566	0.010920189
10.7	0.065441184	0.011208809	0.064597288	0.010918597
10.72	0.065217499	0.011184268	0.064379153	0.010906764
10.74	0.064994433	0.011153292	0.064161181	0.010898619
10.76	0.06477202	0.011120658	0.063943311	0.01089349
10.78	0.064550137	0.011094119	0.063725656	0.010882719
10.8	0.064328596	0.011077052	0.063508425	0.010861579
10.82	0.06410746	0.011056791	0.063291553	0.010843602
10.84	0.063886973	0.011024344	0.063075055	0.010824879
10.86	0.063667033	0.01099703	0.062859008	0.010802366
10.88	0.063447888	0.010957219	0.062643558	0.010772484
10.9	0.063229592	0.010914825	0.062428739	0.010740951
10.92	0.063012119	0.010873628	0.062214395	0.010717212
10.94	0.062795573	0.010827341	0.062000725	0.010683511
10.96	0.062580422	0.010757536	0.061787661	0.010653208
10.98	0.062366639	0.010689128	0.061575184	0.010623849
11	0.062154118	0.010626059	0.061363317	0.010593354
11.02	0.061942399	0.010585934	0.061152286	0.010551538
11.04	0.061731556	0.010542171	0.060942274	0.010500592
11.06	0.061521608	0.010497407	0.060733345	0.010446429
11.08	0.061312498	0.010455503	0.060525541	0.010390235
11.1	0.061104227	0.010413532	0.060318579	0.010348074
11.12	0.060896778	0.010372474	0.060112533	0.01030229
11.14	0.060690327	0.010322546	0.059907224	0.01026546
11.16	0.060485051	0.010263777	0.059702834	0.010219486
11.18	0.06028077	0.010214061	0.059499231	0.010180158
11.2	0.060077561	0.010160435	0.059296596	0.010131789
11.22	0.059875485	0.010103817	0.059094994	0.010080091
11.24	0.059674371	0.010055717	0.058894568	0.010021312
11.26	0.059474265	0.010005281	0.058695206	0.0099681
11.28	0.059274817	0.009972384	0.05849684	0.009918269
11.3	0.059075958	0.009942955	0.058299345	0.009874761
11.32	0.05887748	0.009923912	0.058102816	0.00982642
11.34	0.058679587	0.009894654	0.057907246	0.009778545
11.36	0.058482835	0.009837623	0.057712536	0.009735484
11.38	0.058287145	0.009784494	0.057518804	0.009686583
11.4	0.058092768	0.009718846	0.057326165	0.009631973
11.42	0.057899485	0.009664162	0.057134616	0.009577421
11.44	0.057706994	0.009624521	0.056944101	0.009525757
11.46	0.057515399	0.009579754	0.056754784	0.009465885
11.48	0.057325048	0.009517557	0.056566588	0.009409795
11.5	0.057135998	0.009452504	0.056379547	0.009352028
11.52	0.056948136	0.009393106	0.056193708	0.009291962
11.54	0.056761606	0.009326481	0.056009132	0.009228804
11.56	0.056576323	0.009264165	0.055825802	0.009166478
11.58	0.056392231	0.009204591	0.055643819	0.009099169
11.6	0.056209518	0.00913565	0.055463191	0.009031407
11.62	0.056028229	0.009064449	0.055283992	0.008959951
11.64	0.055848272	0.00899783	0.055106086	0.008895269
11.66	0.055669701	0.008928564	0.054929513	0.00882866
11.68	0.055492661	0.008851999	0.054754367	0.008757315
11.7	0.055317269	0.008769608	0.054580682	0.008684216
11.72	0.055143305	0.008698208	0.054408381	0.008615094
11.74	0.05497077	0.00862672	0.054237429	0.008547595
11.76	0.054799422	0.008567418	0.054067795	0.008481696
11.78	0.054629277	0.00850727	0.053899559	0.008411784
11.8	0.054460375	0.008445101	0.053732706	0.00834265
11.82	0.054292802	0.008378643	0.053567229	0.008273845
11.84	0.054126449	0.008317639	0.053403028	0.008210041
11.86	0.053961225	0.008261191	0.053240013	0.008150794
11.88	0.053797027	0.008209897	0.053078184	0.008091433
11.9	0.053633746	0.008164082	0.052917421	0.008038123
11.92	0.053471755	0.008099547	0.052757937	0.007974238
11.94	0.053310898	0.008042838	0.052599856	0.007904014
11.96	0.053151259	0.007981971	0.052443125	0.007836577
11.98	0.052992956	0.00791514	0.052287668	0.00777286
12	0.052835916	0.007852008	0.052133461	0.007710317
12.02	0.052680158	0.00778788	0.051980428	0.007651679
12.04	0.052525553	0.007730228	0.051828473	0.007597726
12.06	0.052372047	0.007675306	0.051677521	0.007547597
12.08	0.052219699	0.007617407	0.051527576	0.007497276
12.1	0.052068446	0.007562644	0.051378608	0.007448373
12.12	0.051918376	0.007503491	0.051230692	0.007395823
12.14	0.05176927	0.007455313	0.051083856	0.007341786
12.16	0.051621016	0.007412709	0.05093807	0.007289311
12.18	0.051473673	0.007367144	0.050793271	0.007239966
12.2	0.051327192	0.007324067	0.05064953	0.007187041
12.22	0.051181513	0.007283942	0.050506924	0.007130265
12.24	0.051036636	0.007243861	0.050365486	0.007071938
12.26	0.050892661	0.007198718	0.050225068	0.007020897
12.28	0.05074954	0.007156071	0.050085536	0.006976586
12.3	0.050607166	0.007118706	0.049946888	0.006932391
12.32	0.050465539	0.007081318	0.049809101	0.006889338
12.34	0.05032471	0.007041459	0.049672198	0.006845154
12.36	0.050184704	0.007000307	0.049536149	0.00680248
12.38	0.050045624	0.006954019	0.049400868	0.006764052
12.4	0.049907484	0.006906979	0.049266428	0.006721975
12.42	0.049770226	0.006862924	0.049132892	0.006676812
12.44	0.049633877	0.006817424	0.049000232	0.006633013
12.46	0.049498393	0.006774229	0.048868362	0.006593507
12.48	0.049363707	0.006734304	0.048737321	0.006552039
12.5	0.049229727	0.006698977	0.048607058	0.006513124
12.52	0.049096346	0.00666906	0.048477661	0.006469879
12.54	0.048963663	0.006634139	0.048349109	0.006427587
12.56	0.04883172	0.00659713	0.048221328	0.006389058
12.58	0.048700602	0.006555933	0.048094255	0.00635365
12.6	0.048570233	0.006518415	0.047967904	0.006317559
12.62	0.048440541	0.006484627	0.047842312	0.006279608
12.64	0.048311459	0.00645408	0.047717498	0.006240681
12.66	0.04818303	0.006421474	0.047593407	0.006204561
12.68	0.048055396	0.006381709	0.047470037	0.006168492
12.7	0.047928477	0.006345958	0.047347402	0.006131731
12.72	0.047802374	0.006305126	0.047225502	0.006095002
12.74	0.047677018	0.006267816	0.047104272	0.00606149
12.76	0.047552478	0.006226999	0.046983776	0.006024801
12.78	0.047428712	0.006188291	0.046864011	0.005988258
12.8	0.047305805	0.006145325	0.04674496	0.005952563
12.82	0.047183764	0.006102075	0.046626632	0.005916411
12.84	0.047062657	0.006055371	0.046508932	0.005884999
12.86	0.046942296	0.006018037	0.046391839	0.005854646
12.88	0.046822672	0.005981204	0.046275335	0.005825215
12.9	0.046703668	0.005950195	0.046159422	0.005795631
12.92	0.046585299	0.005918463	0.046044172	0.00576249
12.94	0.046467626	0.005883604	0.045929596	0.005728808
12.96	0.046350672	0.005847732	0.045815673	0.005696144
12.98	0.046234356	0.005815791	0.045702365	0.005665418
13	0.046118729	0.005781338	0.04558965	0.005635752
13.02	0.046003784	0.005747237	0.045477465	0.00560922
13.04	0.045889608	0.005708817	0.045365818	0.005582345
13.06	0.045776132	0.005673825	0.045254716	0.005555131
13.08	0.045663165	0.005648309	0.045144155	0.005528052
13.1	0.045550664	0.005625056	0.045034198	0.005497823
13.12	0.045438665	0.005599971	0.044924838	0.005467997
13.14	0.045327238	0.005571333	0.044816122	0.005435838
13.16	0.045216398	0.005542022	0.044707982	0.005406991
13.18	0.045106227	0.00550852	0.044600396	0.005379306
13.2	0.044996736	0.00547455	0.044493325	0.005353522
13.22	0.044887844	0.005444615	0.044386761	0.005328199
13.24	0.0447795	0.005417218	0.044280712	0.005302463
13.26	0.044671727	0.005388619	0.044175118	0.005279703
13.28	0.044564474	0.005362647	0.044069987	0.005256527
13.3	0.044457655	0.005340994	0.043965332	0.005232747
13.32	0.044351236	0.005320952	0.043861111	0.005211078
13.34	0.044245253	0.005299106	0.043757373	0.005186887
13.36	0.044139676	0.005278872	0.043654161	0.005160614
13.38	0.044034473	0.005260164	0.043551476	0.005134222
13.4	0.043929633	0.005241988	0.043449278	0.005109934
13.42	0.043825192	0.005222066	0.043347519	0.005087917
13.44	0.043721247	0.005197206	0.043246258	0.005063043
13.46	0.043617727	0.005176021	0.043145494	0.005038205
13.48	0.043514548	0.005158965	0.04304518	0.005015731
13.5	0.043411721	0.005141339	0.042945342	0.004991872
13.52	0.043309175	0.005127313	0.042845948	0.004969698
13.54	0.043206817	0.005117865	0.042747008	0.004947032
13.56	0.043104606	0.005110546	0.042648432	0.0049288
13.58	0.043002581	0.005101287	0.042550203	0.004911436
13.6	0.042900797	0.005089187	0.042452361	0.004892105
13.62	0.042799283	0.005075705	0.042354931	0.004871472
13.64	0.042698076	0.005060336	0.042257922	0.004850492
13.66	0.042597181	0.005044733	0.042161311	0.004830514
13.68	0.042496589	0.005029637	0.04206511	0.004810046
13.7	0.042396269	0.005015988	0.04196932	0.004789535
13.72	0.042296178	0.005004534	0.041873994	0.004766302
13.74	0.042196289	0.004994475	0.041779112	0.004744075
13.76	0.042096585	0.004985168	0.041684681	0.004721538
13.78	0.041997019	0.004978313	0.041590691	0.004699525
13.8	0.041897609	0.004970507	0.041497123	0.0046784
13.82	0.041798384	0.00496124	0.041403967	0.004657808
13.84	0.041699356	0.00495141	0.041311187	0.004638995
13.86	0.041600495	0.004943029	0.041218746	0.004622025
13.88	0.041501775	0.004936021	0.041126666	0.004604038
13.9	0.041403221	0.004927692	0.041034949	0.004585805
13.92	0.041304813	0.004920401	0.040943634	0.004565751
13.94	0.041206573	0.004912019	0.04085272	0.004545734
13.96	0.041108487	0.004904283	0.040762164	0.004527799
13.98	0.041010543	0.004897192	0.040671974	0.004509506
14	0.04091279	0.00488769	0.040582153	0.004491029
14.02	0.040815213	0.004878834	0.040492741	0.004470578
14.04	0.040717905	0.004865411	0.040403743	0.004449918
14.06	0.040620807	0.004854884	0.040315146	0.004429843
14.08	0.040523795	0.004850582	0.040226955	0.004409563
14.1	0.04042685	0.004847259	0.04013912	0.004391735
14.12	0.040329987	0.004843156	0.040051628	0.004374592
14.14	0.04023328	0.004835368	0.039964469	0.004357978
14.16	0.04013676	0.004825997	0.039877603	0.004343281
14.18	0.040040396	0.004818195	0.039791035	0.004328424
14.2	0.039944212	0.004809172	0.03970481	0.004311242
14.22	0.039848297	0.004795761	0.039618948	0.004293118
14.24	0.039752686	0.004780577	0.039533423	0.004276251
14.26	0.039657355	0.004766528	0.039448239	0.00425917
14.28	0.03956228	0.004753766	0.039363354	0.004244235
14.3	0.039467503	0.004738828	0.039278755	0.004229997
14.32	0.03937298	0.004726182	0.039194455	0.004214993
14.34	0.039278709	0.004713506	0.039110437	0.004200904
14.36	0.039184617	0.004704638	0.039026701	0.004186755
14.38	0.03909068	0.004696823	0.038943242	0.004172984
14.4	0.038996883	0.004689844	0.038860023	0.004160922
14.42	0.038903157	0.004686323	0.038777069	0.00414772
14.44	0.038809486	0.004683541	0.038694394	0.004133723
14.46	0.03871586	0.004681305	0.038611975	0.00412096
14.48	0.038622301	0.004677935	0.038529814	0.004108081
14.5	0.038528857	0.004672227	0.038447916	0.004094875
14.52	0.038435573	0.004664196	0.038366255	0.004083052
14.54	0.038342482	0.004654524	0.038284779	0.004073798
14.56	0.03824957	0.004645604	0.038203504	0.004063782
14.58	0.038156895	0.004633757	0.038122458	0.004052265
14.6	0.038064527	0.004618386	0.038041672	0.004039319
14.62	0.037972506	0.004601088	0.037961108	0.004028192
14.64	0.037880786	0.00458596	0.037880808	0.004014996
14.66	0.037789379	0.00457036	0.037800751	0.004002848
14.68	0.037698255	0.004556185	0.037720931	0.003990996
14.7	0.037607428	0.004541365	0.037641331	0.003980017
14.72	0.037516865	0.004528136	0.037561917	0.003970709
14.74	0.037426543	0.004516139	0.037482706	0.003960536
14.76	0.03733644	0.004505111	0.037403758	0.003947417
14.78	0.037246575	0.004493266	0.037325032	0.003936266
14.8	0.037156987	0.004479404	0.037246509	0.003926177
14.82	0.037067688	0.004464937	0.037168187	0.003916086
14.84	0.036978756	0.004446601	0.037090086	0.003905062
14.86	0.036890238	0.004425925	0.037012188	0.003894891
14.88	0.036802113	0.004406246	0.036934485	0.00388513
14.9	0.036714345	0.004388378	0.036856973	0.003875634
14.92	0.036626898	0.004372344	0.036779645	0.003866362
14.94	0.036539758	0.00435702	0.036702517	0.003856438
14.96	0.036452932	0.004341312	0.03662557	0.003847318
14.98	0.036366443	0.004324454	0.036548819	0.003837584
15	0.03628031	0.004306656	0.036472245	0.0038287
15.02	0.036194564	0.004287262	0.036395853	0.003819596
15.04	0.036109223	0.004267061	0.03631966	0.003809627
15.06	0.036024258	0.004248233	0.036243664	0.003799794
15.08	0.035939713	0.004227262	0.036167882	0.003789101
15.1	0.035855649	0.004203218	0.036092325	0.003777883
15.12	0.035772056	0.004179658	0.036017044	0.003764052
15.14	0.035688904	0.004157562	0.035942012	0.003751568
15.16	0.035606183	0.004136075	0.035867163	0.003742452
15.18	0.035523793	0.0041195	0.035792502	0.003733072
15.2	0.03544169	0.004105125	0.035717961	0.00372704
15.22	0.035359904	0.004089301	0.035643539	0.00372112
15.24	0.035278483	0.004071068	0.035569227	0.003715589
15.26	0.035197409	0.004053727	0.035495028	0.003709943
15.28	0.035116657	0.004037565	0.035420962	0.003703306
15.3	0.035036208	0.004022447	0.035347054	0.003695385
15.32	0.034956062	0.004007326	0.035273332	0.003686124
15.34	0.034876217	0.003992247	0.035199803	0.003676437
15.36	0.03479663	0.003979344	0.035126441	0.003668067
15.38	0.034717326	0.003965193	0.03505326	0.003659085
15.4	0.034638306	0.003951018	0.034980283	0.003648844
15.42	0.034559588	0.003935889	0.034907445	0.003641895
15.44	0.034481148	0.003921975	0.03483474	0.003635246
15.46	0.034403015	0.003906663	0.034762125	0.00363077
15.48	0.034325209	0.0038903	0.034689581	0.003627199
15.5	0.034247752	0.003872842	0.034617134	0.003622324
15.52	0.034170636	0.003855816	0.034544755	0.00361894
15.54	0.034093862	0.003838715	0.034472483	0.003613629
15.56	0.034017427	0.003821719	0.03440034	0.00360716
15.58	0.033941322	0.003805281	0.034328329	0.003600535
15.6	0.033865576	0.003787267	0.034256417	0.003595613
15.62	0.033790171	0.003770267	0.034184583	0.003591663
15.64	0.033715096	0.003753745	0.03411286	0.003586157
15.66	0.033640327	0.003738457	0.034041246	0.003580691
15.68	0.033565868	0.003722937	0.033969744	0.003575097
15.7	0.033491721	0.003707374	0.033898353	0.003569561
15.72	0.033417879	0.003692106	0.033827059	0.003564707
15.74	0.033344319	0.003677969	0.033755843	0.003560816
15.76	0.033271072	0.003662371	0.033684711	0.003556575
15.78	0.033198155	0.003645842	0.033613669	0.00355209
15.8	0.033125541	0.003630701	0.033542751	0.003545899
15.82	0.033053198	0.003617141	0.033471946	0.00354027
15.84	0.032981116	0.003604119	0.033401233	0.003535637
15.86	0.032909289	0.003591349	0.033330623	0.003530511
15.88	0.032837714	0.003578729	0.033260089	0.003526699
15.9	0.032766379	0.003566769	0.033189636	0.003522665
15.92	0.03269529	0.003554452	0.033119272	0.003518188
15.94	0.032624486	0.003540204	0.03304902	0.003512615
15.96	0.032553956	0.003526481	0.032978894	0.003506291
15.98	0.032483688	0.003513425	0.032908885	0.003500473
16	0.03241365	0.003501867	0.032839011	0.003493682
16.02	0.032343863	0.003489362	0.032769269	0.0034871
16.04	0.032274314	0.003477447	0.032699681	0.0034794
16.06	0.032205033	0.003464044	0.03263026	0.003471042
16.08	0.032136015	0.003450927	0.032561012	0.003462396
16.1	0.032067256	0.003437912	0.032491942	0.003453506
16.12	0.031998737	0.003425961	0.032423039	0.003445161
16.14	0.031930437	0.003415015	0.032354318	0.003436047
16.16	0.031862352	0.003404257	0.03228577	0.003427382
16.18	0.031794466	0.003394291	0.032217375	0.003419741
16.2	0.031726782	0.003384203	0.032149124	0.003412575
16.22	0.031659308	0.003373691	0.032081015	0.003405425
16.24	0.031592054	0.003362702	0.032013047	0.003398436
16.26	0.031525013	0.003352068	0.031945217	0.003391484
16.28	0.031458175	0.003341855	0.031877532	0.003384246
16.3	0.031391541	0.003331713	0.03180999	0.003377124
16.32	0.031325108	0.003321652	0.031742597	0.00336965
16.34	0.031258861	0.003312343	0.031675349	0.003362396
16.36	0.031192804	0.003302858	0.031608242	0.003355313
16.38	0.031126928	0.003293804	0.031541272	0.003348509
16.4	0.031061222	0.003285284	0.031474449	0.003341141
16.42	0.030995687	0.003276776	0.031407776	0.003333643
16.44	0.030930337	0.003267514	0.031341247	0.003326465
16.46	0.030865168	0.003258418	0.031274872	0.003318782
16.48	0.030800179	0.00324946	0.031208638	0.003311701
16.5	0.030735356	0.003241168	0.031142551	0.003304312
16.52	0.030670698	0.003232877	0.031076612	0.003296986
16.54	0.030606208	0.003224513	0.031010816	0.003289759
16.56	0.030541874	0.003216685	0.030945158	0.003282925
16.58	0.030477677	0.003209861	0.03087963	0.003276409
16.6	0.030413613	0.003203197	0.030814247	0.003269151
16.62	0.030349675	0.003196901	0.030748993	0.003262687
16.64	0.030285868	0.003190335	0.030683864	0.003256425
16.66	0.030222195	0.003183662	0.030618859	0.003250294
16.68	0.030158647	0.003177383	0.030553984	0.003243738
16.7	0.030095218	0.003171461	0.030489236	0.003237405
16.72	0.030031915	0.003165177	0.030424637	0.003229938
16.74	0.02996874	0.003158707	0.030360171	0.003223276
16.76	0.029905681	0.003152953	0.030295856	0.003215773
16.78	0.029842737	0.00314721	0.030231698	0.003207908
16.8	0.029779895	0.003142112	0.030167696	0.003200067
16.82	0.029717143	0.003137586	0.030103863	0.003191676
16.84	0.029654487	0.003132805	0.030040191	0.003183597
16.86	0.029591924	0.003128169	0.029976677	0.003175695
16.88	0.029529441	0.003124139	0.029913318	0.003167946
16.9	0.029467043	0.003119887	0.029850102	0.003160821
16.92	0.029404734	0.003115454	0.029787024	0.00315391
16.94	0.029342526	0.00311039	0.029724083	0.003147024
16.96	0.029280414	0.003105605	0.029661295	0.003139404
16.98	0.029218386	0.003101417	0.029598658	0.00313187
17	0.029156423	0.003098149	0.029536183	0.003123752
17.02	0.029094514	0.003095448	0.02947387	0.003115607
17.04	0.029032659	0.003092751	0.029411743	0.00310638
17.06	0.028970874	0.003089259	0.029349789	0.003097667
17.08	0.028909171	0.00308514	0.029287992	0.003089877
17.1	0.02884755	0.003081043	0.029226345	0.003082329
17.12	0.028786017	0.003076668	0.029164872	0.003073651
17.14	0.028724568	0.003072434	0.02910357	0.003065118
17.16	0.028663207	0.00306804	0.029042451	0.003055947
17.18	0.028601924	0.003064178	0.028981517	0.0030467
17.2	0.02854071	0.003060686	0.028920767	0.003037491
17.22	0.028479568	0.003057078	0.028860201	0.003028299
17.24	0.028418492	0.0030538	0.028799804	0.003019852
17.26	0.028357487	0.003050242	0.028739569	0.003011754
17.28	0.028296563	0.003046234	0.028679501	0.003003378
17.3	0.028235729	0.003041668	0.028619602	0.002994968
17.32	0.028174998	0.003036593	0.028559866	0.002986799
17.34	0.028114373	0.003031214	0.028500286	0.002978987
17.36	0.028053843	0.003026504	0.028440888	0.002969944
17.38	0.027993397	0.003022292	0.028381675	0.002960634
17.4	0.02793303	0.003018355	0.028322652	0.002951166
17.42	0.027872746	0.003014211	0.028263805	0.002942301
17.44	0.027812563	0.003009138	0.028205141	0.002933244
17.46	0.027752491	0.003003589	0.028146636	0.002925225
17.48	0.027692544	0.002997379	0.028088295	0.002917063
17.5	0.027632722	0.002991086	0.028030107	0.002909374
17.52	0.027573025	0.002984845	0.027972071	0.002901834
17.54	0.027513451	0.002978706	0.027914195	0.002893808
17.56	0.02745399	0.002973052	0.027856483	0.00288555
17.58	0.027394644	0.002967313	0.027798939	0.002877224
17.6	0.027335414	0.002961497	0.027741581	0.002867891
17.62	0.027276291	0.002956147	0.027684401	0.00285903
17.64	0.027217278	0.002950674	0.027627393	0.002850382
17.66	0.027158384	0.002944663	0.027570558	0.002841739
17.68	0.027099613	0.002938541	0.027513895	0.00283318
17.7	0.027040964	0.002932471	0.0274574	0.002824713
17.72	0.02698244	0.002926214	0.027401076	0.002816215
17.74	0.026924059	0.002919054	0.027344924	0.002807576
17.76	0.026865822	0.002911823	0.027288938	0.002799328
17.78	0.026807731	0.002904544	0.027233107	0.002791528
17.8	0.0267498	0.002896556	0.027177422	0.00278429
17.82	0.026692029	0.002888556	0.027121886	0.002776765
17.84	0.026634407	0.002881096	0.027066509	0.002768843
17.86	0.02657693	0.002873864	0.027011298	0.002760587
17.88	0.026519592	0.002866874	0.026956265	0.002751645
17.9	0.026462394	0.002859928	0.026901392	0.002743616
17.92	0.026405339	0.002852758	0.026846687	0.002735293
17.94	0.026348428	0.002845536	0.026792149	0.00272686
17.96	0.026291671	0.002837869	0.026737772	0.002718867
17.98	0.026235065	0.002830292	0.026683571	0.00271006
18	0.026178616	0.002822436	0.026629535	0.002701778
18.02	0.026122347	0.002813468	0.026575651	0.002694186
18.04	0.026066242	0.002805236	0.026521892	0.002687972
18.06	0.026010292	0.002797504	0.026468248	0.002682203
18.08	0.025954501	0.002789565	0.026414714	0.002676721
18.1	0.025898867	0.002781677	0.026361303	0.002670508
18.12	0.025843391	0.002773817	0.02630802	0.002664185
18.14	0.025788075	0.002765805	0.026254869	0.002657535
18.16	0.025732923	0.002757552	0.02620185	0.00265097
18.18	0.025677932	0.002749565	0.026148959	0.002644506
18.2	0.025623116	0.002740827	0.026096205	0.00263773
18.22	0.025568479	0.002731852	0.026043588	0.002630858
18.24	0.025514018	0.002723015	0.025991114	0.002623709
18.26	0.025459742	0.002713794	0.025938782	0.002616591
18.28	0.025405648	0.002704699	0.025886595	0.002609328
18.3	0.025351739	0.002695482	0.025834558	0.002601882
18.32	0.025298007	0.002686596	0.025782663	0.002594716
18.34	0.025244447	0.002678013	0.025730902	0.002588071
18.36	0.02519106	0.002669313	0.025679262	0.002581968
18.38	0.025137837	0.002661176	0.025627746	0.002575835
18.4	0.02508477	0.002653323	0.025576349	0.002569821
18.42	0.025031879	0.002644578	0.02552506	0.002564466
18.44	0.024979165	0.002635697	0.025473879	0.00255907
18.46	0.024926634	0.002626563	0.025422802	0.002553817
18.48	0.02487429	0.002617176	0.025371836	0.002548329
18.5	0.024822136	0.002607718	0.02532098	0.002542758
18.52	0.024770159	0.002598835	0.025270242	0.002536928
18.54	0.024718353	0.002590276	0.025219619	0.002531154
18.56	0.024666724	0.002581449	0.025169116	0.002525132
18.58	0.024615277	0.00257237	0.025118736	0.002519005
18.6	0.024564015	0.002563093	0.025068482	0.002512696
18.62	0.024512945	0.002553488	0.025018349	0.002506661
18.64	0.02446207	0.002543798	0.024968344	0.002500247
18.66	0.024411387	0.002534112	0.02491846	0.002494195
18.68	0.024360899	0.002524436	0.024868689	0.002488568
18.7	0.0243106	0.002514949	0.024819024	0.002483225
18.72	0.024260489	0.002505545	0.024769467	0.002477863
18.74	0.024210554	0.002496739	0.024720016	0.002472534
18.76	0.024160789	0.002488246	0.02467068	0.002466829
18.78	0.024111189	0.002479997	0.02462146	0.002461004
18.8	0.024061748	0.00247206	0.024572355	0.002455216
18.82	0.024012461	0.002464339	0.024523363	0.002449624
18.84	0.023963342	0.002455952	0.024474489	0.00244367
18.86	0.023914404	0.0024469	0.024425742	0.002437382
18.88	0.023865649	0.002437736	0.024377121	0.002431045
18.9	0.023817076	0.002428652	0.024328633	0.002424409
18.92	0.023768683	0.002419672	0.024280273	0.002417975
18.94	0.023720462	0.002411058	0.024232049	0.002411227
18.96	0.023672403	0.002402931	0.024183954	0.00240475
18.98	0.023624501	0.002395123	0.024135983	0.00239852
19	0.023576745	0.002387772	0.024088137	0.002392334
19.02	0.023529131	0.002380699	0.024040411	0.002386289
19.04	0.023481665	0.002373309	0.023992811	0.00238001
19.06	0.023434355	0.002365504	0.023945338	0.002373649
19.08	0.023387205	0.002357501	0.023897996	0.002367075
19.1	0.023340214	0.002349534	0.023850781	0.002360739
19.12	0.023293382	0.002341585	0.02380369	0.002354563
19.14	0.023246714	0.002333442	0.023756718	0.002348621
19.16	0.02320021	0.002325181	0.02370986	0.002342867
19.18	0.023153869	0.002317067	0.023663125	0.002336753
19.2	0.023107685	0.002309179	0.023616515	0.002330531
19.22	0.023061654	0.002301566	0.023570037	0.002323881
19.24	0.023015774	0.002293991	0.023523694	0.002317133
19.26	0.022970049	0.002286267	0.023477483	0.002310555
19.28	0.022924482	0.002278317	0.0234314	0.00230415
19.3	0.022879078	0.002270199	0.023385444	0.002297801
19.32	0.022833844	0.002261729	0.023339623	0.002291066
19.34	0.022788775	0.002253454	0.023293938	0.002284221
19.36	0.022743868	0.002245319	0.023248393	0.002277256
19.38	0.022699127	0.002237036	0.023202977	0.002270799
19.4	0.022654551	0.00222882	0.023157685	0.002264619
19.42	0.022610144	0.002220365	0.023112521	0.002258196
19.44	0.022565905	0.002211951	0.023067489	0.002251585
19.46	0.022521829	0.002203768	0.023022593	0.002244799
19.48	0.022477912	0.002195881	0.022977841	0.002237615
19.5	0.022434144	0.002188387	0.022933219	0.002231113
19.52	0.022390533	0.002180551	0.022888723	0.002224801
19.54	0.022347084	0.00217246	0.022844353	0.002218487
19.56	0.022303796	0.00216439	0.022800105	0.002212388
19.58	0.022260675	0.002156066	0.02275598	0.002206273
19.6	0.022217719	0.002147758	0.022711978	0.002200074
19.62	0.022174925	0.002139749	0.022668097	0.002194063
19.64	0.022132284	0.00213202	0.022624336	0.002188063
19.66	0.022089797	0.002124349	0.022580693	0.002182123
19.68	0.022047464	0.002116681	0.022537165	0.002176396
19.7	0.022005284	0.002108988	0.022493752	0.002170693
19.72	0.021963257	0.002101325	0.022450449	0.002165116
19.74	0.021921387	0.002093491	0.022407265	0.002159214
19.76	0.021879681	0.002085306	0.022364202	0.002153141
19.78	0.021838136	0.002077284	0.022321262	0.002146997
19.8	0.021796742	0.002069684	0.022278441	0.002141068
19.82	0.021755499	0.002062127	0.022235735	0.002135313
19.84	0.021714404	0.002054769	0.022193138	0.002129832
19.86	0.021673455	0.002047444	0.02215065	0.00212438
19.88	0.021632656	0.00203995	0.022108279	0.002118544
19.9	0.021592012	0.002032218	0.022066025	0.00211271
19.92	0.021551523	0.002024455	0.022023899	0.002106292
19.94	0.021511187	0.00201678	0.021981891	0.002100427
19.96	0.021470997	0.002009487	0.021939995	0.002094788
19.98	0.02143095	0.002002365	0.02189821	0.002089275
20	0.021391046	0.001995198	0.021856533	0.002083822
