0.125 248.05 0
0.1249774569621394 248.0502134423988 0.02
0.1249569956629475 248.0502134423988 0.04
0.124937221030538 248.0502134423988 0.06
0.1249176675679311 248.0502134423988 0.08
0.1248981798532533 248.0502134423988 0.1
0.1248787058395005 248.0502134423988 0.12
0.1248592279281429 248.0502134423988 0.14
0.1248397399809487 248.0502134423988 0.16
0.1248202396495796 248.0502134423988 0.18
0.124800725828206 248.0502134423988 0.2
0.1247811978109987 248.0502134423988 0.22
0.1247616550129742 248.0502134423988 0.24
0.1247420968775101 248.0502134423988 0.26
0.1247225228447243 248.0502134423988 0.28
0.1247029323389455 248.0502134423988 0.3
0.1246833247592706 248.0502134423988 0.32
0.124663699478693 248.0502134423988 0.34
0.1246440558439431 248.0502134423988 0.36
0.1246243931757541 248.0502134423988 0.3800000000000001
0.1246047107684465 248.0502134423988 0.4000000000000001
0.1245850078891423 248.0502134423988 0.4200000000000001
0.1245652837741614 248.0502134423988 0.4400000000000001
0.1245455376310051 248.0502134423988 0.4600000000000001
0.1245257686362961 248.0502134423988 0.4800000000000001
0.1245059759338398 248.0502134423988 0.5000000000000001
0.1244861586384176 248.0502134423988 0.5200000000000001
0.1244663158316569 248.0502134423988 0.5400000000000001
0.1244464465647964 248.0502134423988 0.5600000000000002
0.1244265498560175 248.0502134423988 0.5800000000000002
0.1244066246896168 248.0502134423988 0.6000000000000002
0.1243866700134488 248.0502134423988 0.6200000000000002
0.124366684744991 248.0502134423988 0.6400000000000002
0.1243466677655046 248.0502134423988 0.6600000000000003
0.1243266179257259 248.0502134423988 0.6800000000000003
0.1243065340376522 248.0502134423988 0.7000000000000003
0.1242864148804171 248.0502134423988 0.7200000000000003
0.1242662591982323 248.0502134423988 0.7400000000000003
0.1242460657020669 248.0502134423988 0.7600000000000003
0.1242258330679487 248.0502134423988 0.7800000000000004
0.1242055599393505 248.0502134423988 0.8000000000000004
0.1241852449217556 248.0502134423988 0.8200000000000004
0.1241648865874512 248.0502134423988 0.8400000000000004
0.1241444834748506 248.0502134423988 0.8600000000000004
0.1241240340886565 248.0502134423988 0.8800000000000004
0.1241035369017701 248.0502134423988 0.9000000000000005
0.1240829903473355 248.0502134423988 0.9200000000000005
0.1240623928304395 248.0502134423988 0.9400000000000005
0.1240417427235452 248.0502134423988 0.9600000000000005
0.1240210383657097 248.0502134423988 0.9800000000000005
0.1240002780619114 248.0502134423988 1
0.1239794600812001 248.0502134423988 1.02
0.1239585826637754 248.0502134423988 1.04
0.1239376440253798 248.0502134423988 1.06
0.123916642346392 248.0502134423988 1.080000000000001
0.123895575771979 248.0502134423988 1.100000000000001
0.1238744424241252 248.0502134423988 1.120000000000001
0.1238532403918977 248.0502134423988 1.140000000000001
0.1238319677360111 248.0502134423988 1.160000000000001
0.1238106224830156 248.0502134423988 1.180000000000001
0.1237892026373974 248.0502134423988 1.200000000000001
0.1237677061790697 248.0502134423988 1.220000000000001
0.1237461310535933 248.0502134423988 1.240000000000001
0.1237244751785424 248.0502134423988 1.260000000000001
0.1237027364439896 248.0502134423988 1.280000000000001
0.1236809127181284 248.0502134423988 1.300000000000001
0.1236590018450158 248.0502134423988 1.320000000000001
0.1236370016412204 248.0502134423988 1.340000000000001
0.1236149098906707 248.0502134423988 1.360000000000001
0.123592724356061 248.0502134423988 1.380000000000001
0.1235704427785451 248.0502134423988 1.400000000000001
0.1235480628736051 248.0502134423988 1.420000000000001
0.1235255823357469 248.0502134423988 1.440000000000001
0.123502998825678 248.0502134423988 1.460000000000001
0.123480309984583 248.0502134423988 1.480000000000001
0.1234575134360326 248.0502134423988 1.500000000000001
0.1234346067791571 248.0502134423988 1.520000000000001
0.1234115875897132 248.0502134423988 1.540000000000001
0.1233884534165652 248.0502134423988 1.560000000000001
0.1233652017875496 248.0502134423988 1.580000000000001
0.1233418302115447 248.0502134423988 1.600000000000001
0.1233183361715111 248.0502134423988 1.620000000000001
0.123294717128743 248.0502134423988 1.640000000000001
0.1232709705184335 248.0502134423988 1.660000000000001
0.1232470937503084 248.0502134423988 1.680000000000001
0.1232230842196887 248.0502134423988 1.700000000000001
0.1231989393025006 248.0502134423988 1.720000000000001
0.1231746563431959 248.0502134423988 1.740000000000001
0.1231502326694568 248.0502134423988 1.760000000000001
0.1231256655775174 248.0502134423988 1.780000000000001
0.1231009523401028 248.0502134423988 1.800000000000001
0.1230760902240476 248.0502134423988 1.820000000000001
0.1230510764618543 248.0502134423988 1.840000000000001
0.1230259082654734 248.0502134423988 1.860000000000001
0.1230005828115339 248.0502134423988 1.880000000000001
0.1229750972400706 248.0502134423988 1.900000000000001
0.1229494486780001 248.0502134423988 1.920000000000001
0.1229236342390068 248.0502134423988 1.940000000000001
0.1228976510024826 248.0502134423988 1.960000000000001
0.1228714960264443 248.0502134423988 1.980000000000001
0.1228451663379198 248.0502134423988 2.000000000000001
0.1228186589269139 248.0502134423988 2.020000000000001
0.1227919707687596 248.0502134423988 2.040000000000001
0.1227650988178617 248.0502134423988 2.060000000000001
0.1227380399893994 248.0502134423988 2.080000000000001
0.122710791169458 248.0502134423988 2.100000000000001
0.1226833492170996 248.0502134423988 2.120000000000001
0.1226557109322488 248.0502134423988 2.140000000000001
0.1226278730963591 248.0502134423988 2.160000000000001
0.1225998324860551 248.0502134423988 2.180000000000001
0.1225715858405056 248.0502134423988 2.200000000000002
0.1225431298596463 248.0502134423988 2.220000000000002
0.1225144611938586 248.0502134423988 2.240000000000002
0.1224855764517565 248.0502134423988 2.260000000000002
0.1224564722106818 248.0502134423988 2.280000000000002
0.1224271450347159 248.0502134423988 2.300000000000002
0.1223975914461606 248.0502134423988 2.320000000000002
0.12236780793538 248.0502134423988 2.340000000000002
0.1223377909219284 248.0502134423988 2.360000000000002
0.1223075367984921 248.0502134423988 2.380000000000002
0.122277041931223 248.0502134423988 2.400000000000002
0.1222463026538934 248.0502134423988 2.420000000000002
0.122215315262994 248.0502134423988 2.440000000000002
0.1221840759827107 248.0502134423988 2.460000000000002
0.1221525809683805 248.0502134423988 2.480000000000002
0.122120826350842 248.0502134423988 2.500000000000002
0.1220888082241088 248.0502134423988 2.520000000000002
0.1220565226526795 248.0502134423988 2.540000000000002
0.1220239656181928 248.0502134423988 2.560000000000002
0.1219911330555063 248.0502134423988 2.580000000000002
0.1219580208680475 248.0502134423988 2.600000000000002
0.1219246249242815 248.0502134423988 2.620000000000002
0.1218909410127239 248.0502134423988 2.640000000000002
0.1218569648065129 248.0502134423988 2.660000000000002
0.1218226919188957 248.0502134423988 2.680000000000002
0.121788117937841 248.0502134423988 2.700000000000002
0.1217532383886441 248.0502134423988 2.720000000000002
0.1217180487750915 248.0502134423988 2.740000000000002
0.1216825444869488 248.0502134423988 2.760000000000002
0.1216467208529949 248.0502134423988 2.780000000000002
0.1216105731036927 248.0502134423988 2.800000000000002
0.1215740964116218 248.0502134423988 2.820000000000002
0.121537285847888 248.0502134423988 2.840000000000002
0.1215001363753183 248.0502134423988 2.860000000000002
0.1214626427472249 248.0502134423988 2.880000000000002
0.1214247996353817 248.0502134423988 2.900000000000002
0.1213866016399729 248.0502134423988 2.920000000000002
0.1213480433728057 248.0502134423988 2.940000000000002
0.1213091193679181 248.0502134423988 2.960000000000002
0.1212698240186076 248.0502134423988 2.980000000000002
0.1212301516836325 248.0502134423988 3.000000000000002
0.1211900966055825 248.0502134423988 3.020000000000002
0.1211496529594193 248.0502134423988 3.040000000000002
0.1211088140838706 248.0502134423988 3.060000000000002
0.121067572814053 248.0502134423988 3.080000000000002
0.12102592222755 248.0502134423988 3.100000000000002
0.1209838554034432 248.0502134423988 3.120000000000002
0.1209413654363499 248.0502134423988 3.140000000000002
0.1208984453148288 248.0502134423988 3.160000000000002
0.1208550877003082 248.0502134423988 3.180000000000002
0.1208112850623743 248.0502134423988 3.200000000000002
0.1207670295661525 248.0502134423988 3.220000000000002
0.1207223125837432 248.0502134423988 3.240000000000002
0.1206771251662101 248.0502134423988 3.260000000000002
0.1206314582522358 248.0502134423988 3.280000000000002
0.1205853025718122 248.0502134423988 3.300000000000002
0.1205386486166968 248.0502134423988 3.320000000000003
0.1204914865543961 248.0502134423988 3.340000000000003
0.1204438060110216 248.0502134423988 3.360000000000003
0.1203955960166032 248.0502134423988 3.380000000000003
0.1203468450684102 248.0502134423988 3.400000000000003
0.1202975411326292 248.0502134423988 3.420000000000003
0.1202476717037192 248.0502134423988 3.440000000000003
0.1201972237434518 248.0502134423988 3.460000000000003
0.1201461837785276 248.0502134423988 3.480000000000003
0.1200945377238124 248.0502134423988 3.500000000000003
0.1200422708501629 248.0502134423988 3.520000000000003
0.1199893677959897 248.0502134423988 3.540000000000003
0.1199358126061238 248.0502134423988 3.560000000000003
0.119881588665914 248.0502134423988 3.580000000000003
0.1198266786595796 248.0502134423988 3.600000000000003
0.1197710646134803 248.0502134423988 3.620000000000003
0.1197147277177361 248.0502134423988 3.640000000000003
0.1196576484122929 248.0502134423988 3.660000000000003
0.1195998063926664 248.0502134423988 3.680000000000003
0.1195411805914903 248.0502134423988 3.700000000000003
0.1194817493237554 248.0502134423988 3.720000000000003
0.1194214901039137 248.0502134423988 3.740000000000003
0.1193603799780085 248.0502134423988 3.760000000000003
0.1192983949372608 248.0502134423988 3.780000000000003
0.1192355104652676 248.0502134423988 3.800000000000003
0.11917170140458 248.0502134423988 3.820000000000003
0.1191069421426404 248.0502134423988 3.840000000000003
0.1190412067256126 248.0502134423988 3.860000000000003
0.118974468638013 248.0502134423988 3.880000000000003
0.1189067006794691 248.0502134423988 3.900000000000003
0.1188378751644892 248.0502134423988 3.920000000000003
0.1187679640197006 248.0502134423988 3.940000000000003
0.1186969389559276 248.0502134423988 3.960000000000003
0.1186247712926536 248.0502134423988 3.980000000000003
0.1185514322890521 248.0502134423988 4.000000000000003
0.1184768931403242 248.0502134423988 4.020000000000002
0.1184011252982813 248.0502134423988 4.040000000000002
0.1183241005666497 248.0502134423988 4.060000000000001
0.1182457906437949 248.0502134423988 4.080000000000001
0.1181661677142416 248.0502134423988 4.100000000000001
0.1180852041325447 248.0502134423988 4.12
0.1180028716049065 248.0502134423988 4.14
0.1179191425571683 248.0502134423988 4.159999999999999
0.1178339903654362 248.0502134423988 4.179999999999999
0.1177473887278089 248.0502134423988 4.199999999999998
0.1176593118868802 248.0502134423988 4.219999999999998
0.1175697351756815 248.0502134423988 4.239999999999998
0.1174786353580238 248.0502134423988 4.259999999999997
0.1173859883450899 248.0502134423988 4.279999999999997
0.1172917712420069 248.0502134423988 4.299999999999996
0.1171959635633109 248.0502134423988 4.319999999999996
0.1170985461864512 248.0502134423988 4.339999999999995
0.1169995019736767 248.0502134423988 4.359999999999995
0.1168988150710181 248.0502134423988 4.379999999999995
0.116796470260406 248.0502134423988 4.399999999999994
0.1166924547616621 248.0502134423988 4.419999999999994
0.1165867567123058 248.0502134423988 4.439999999999993
0.1164793704319697 248.0502134423988 4.459999999999993
0.1163702925920625 248.0502134423988 4.479999999999992
0.1162595229056709 248.0502134423988 4.499999999999992
0.1161470640077602 248.0502134423988 4.519999999999992
0.1160329208502903 248.0502134423988 4.539999999999991
0.1159171039622196 248.0502134423988 4.559999999999991
0.1157996299783327 248.0502134423988 4.57999999999999
0.1156805156997646 248.0502134423988 4.59999999999999
0.1155597819861791 248.0502134423988 4.619999999999989
0.1154374556712506 248.0502134423988 4.639999999999989
0.115313564860259 248.0502134423988 4.659999999999989
0.1151881451579927 248.0502134423988 4.679999999999988
0.1150612297990768 248.0502134423988 4.699999999999988
0.1149328561492752 248.0502134423988 4.719999999999987
0.114803066563406 248.0502134423988 4.739999999999987
0.1146719045268061 248.0502134423988 4.759999999999986
0.1145394146614114 248.0502134423988 4.779999999999986
0.114405638173818 248.0502134423988 4.799999999999986
0.1142706189092431 248.0502134423988 4.819999999999985
0.1141344021787286 248.0502134423988 4.839999999999985
0.113997033058133 248.0502134423988 4.859999999999984
0.1138585576450058 248.0502134423988 4.879999999999984
0.113719021750858 248.0502134423988 4.899999999999983
0.1135784705266628 248.0502134423988 4.919999999999983
0.1134369475030218 248.0502134423988 4.939999999999983
0.1132944965757071 248.0502134423988 4.959999999999982
0.113151161260795 248.0502134423988 4.979999999999982
0.1130069836807958 248.0502134423988 4.999999999999981
0.1128620035704707 248.0502134423988 5.019999999999981
0.1127162602046899 248.0502134423988 5.03999999999998
0.1125697897886021 248.0502134423988 5.05999999999998
0.1124226281271184 248.0502134423988 5.07999999999998
0.112274811089758 248.0502134423988 5.099999999999979
0.1121263723232809 248.0502134423988 5.119999999999979
0.1119773432164287 248.0502134423988 5.139999999999978
0.111827754707129 248.0502134423988 5.159999999999978
0.1116776358132333 248.0502134423988 5.179999999999978
0.1115270148452569 248.0502134423988 5.199999999999977
0.111375916864295 248.0502134423988 5.219999999999977
0.1112243647613318 248.0502134423988 5.239999999999976
0.1110723801526515 248.0502134423988 5.259999999999976
0.1109199827441816 248.0502134423988 5.279999999999975
0.1107671902403985 248.0502134423988 5.299999999999975
0.110614018072185 248.0502134423988 5.319999999999975
0.1104604803325906 248.0502134423988 5.339999999999974
0.1103065912831842 248.0502134423988 5.359999999999974
0.1101523623408703 248.0502134423988 5.379999999999973
0.1099978039905402 248.0502134423988 5.399999999999973
0.1098429241534855 248.0502134423988 5.419999999999972
0.1096877310518917 248.0502134423988 5.439999999999972
0.1095322322659193 248.0502134423988 5.459999999999972
0.1093764334968539 248.0502134423988 5.479999999999971
0.1092203391380235 248.0502134423988 5.499999999999971
0.1090639520203654 248.0502134423988 5.51999999999997
0.1089072741285409 248.0502134423988 5.53999999999997
0.1087503071984089 248.0502134423988 5.559999999999969
0.1085930516117396 248.0502134423988 5.579999999999969
0.1084355063597992 248.0502134423988 5.599999999999969
0.1082776694957509 248.0502134423988 5.619999999999968
0.1081195388345555 248.0502134423988 5.639999999999968
0.1079611117002549 248.0502134423988 5.659999999999967
0.1078023850486162 248.0502134423988 5.679999999999967
0.10764335448117 248.0502134423988 5.699999999999966
0.1074840153183724 248.0502134423988 5.719999999999966
0.1073243618658068 248.0502134423988 5.739999999999966
0.1071643881314499 248.0502134423988 5.759999999999965
0.107004088241527 248.0502134423988 5.779999999999965
0.1068434563065671 248.0502134423988 5.799999999999964
0.1066824865064715 248.0502134423988 5.819999999999964
0.1065211724383214 248.0502134423988 5.839999999999963
0.1063595087229437 248.0502134423988 5.859999999999963
0.106197490202458 248.0502134423988 5.879999999999963
0.1060351119456919 248.0502134423988 5.899999999999962
0.1058723703695058 248.0502134423988 5.919999999999962
0.1057092621985715 248.0502134423988 5.939999999999961
0.1055457854586612 248.0502134423988 5.959999999999961
0.1053819383020546 248.0502134423988 5.97999999999996
0.1052177198392846 248.0502134423988 5.99999999999996
0.1050531305230896 248.0502134423988 6.01999999999996
0.1048881717820885 248.0502134423988 6.039999999999959
0.1047228461418262 248.0502134423988 6.059999999999959
0.1045571578308378 248.0502134423988 6.079999999999958
0.1043911111475592 248.0502134423988 6.099999999999958
0.1042247109739907 248.0502134423988 6.119999999999957
0.104057962557487 248.0502134423988 6.139999999999957
0.1038908728969387 248.0502134423988 6.159999999999957
0.1037234492350118 248.0502134423988 6.179999999999956
0.1035556995525301 248.0502134423988 6.199999999999956
0.103387632442885 248.0502134423988 6.219999999999955
0.1032192567323415 248.0502134423988 6.239999999999955
0.1030505812027026 248.0502134423988 6.259999999999954
0.10288161541484 248.0502134423988 6.279999999999954
0.1027123690563547 248.0502134423988 6.299999999999954
0.1025428503945393 248.0502134423988 6.319999999999953
0.1023730669304253 248.0502134423988 6.339999999999953
0.1022030247775478 248.0502134423988 6.359999999999952
0.1020327291790747 248.0502134423988 6.379999999999952
0.1018621842136517 248.0502134423988 6.399999999999952
0.1016913929615576 248.0502134423988 6.419999999999951
0.1015203568673111 248.0502134423988 6.439999999999951
0.101349077960242 248.0502134423988 6.45999999999995
0.1011775583575267 248.0502134423988 6.47999999999995
0.1010057982050644 248.0502134423988 6.499999999999949
0.1008337932772426 248.0502134423988 6.519999999999949
0.1006615390356045 248.0502134423988 6.539999999999949
0.1004890297194217 248.0502134423988 6.559999999999948
0.1003162608444718 248.0502134423988 6.579999999999948
0.1001432266157251 248.0502134423988 6.599999999999947
0.09996991944640328 248.0502134423988 6.619999999999947
0.09979633040374129 248.0502134423988 6.639999999999946
0.09962244801735 248.0502134423988 6.659999999999946
0.09944826028667658 248.0502134423988 6.679999999999946
0.09927375376444393 248.0502134423988 6.699999999999945
0.09909891454112854 248.0502134423988 6.719999999999945
0.09892372875567382 248.0502134423988 6.739999999999944
0.09874818130156594 248.0502134423988 6.759999999999944
0.09857225707212121 248.0502134423988 6.779999999999943
0.09839594035107294 248.0502134423988 6.799999999999943
0.09821921499412233 248.0502134423988 6.819999999999943
0.09804206404119518 248.0502134423988 6.839999999999942
0.09786446901870562 248.0502134423988 6.859999999999942
0.09768641097124739 248.0502134423988 6.879999999999941
0.09750786921923132 248.0502134423988 6.899999999999941
0.09732882252026272 248.0502134423988 6.91999999999994
0.09714924991630676 248.0502134423988 6.93999999999994
0.0969691300291151 248.0502134423988 6.95999999999994
0.09678844174971946 248.0502134423988 6.979999999999939
0.09660716318847838 248.0502134423988 6.999999999999939
0.09642527298056718 248.0502134423988 7.019999999999938
0.09624275024910341 248.0502134423988 7.039999999999938
0.09605957445969564 248.0502134423988 7.059999999999937
0.09587572673457991 248.0502134423988 7.079999999999937
0.0956911873013104 248.0502134423988 7.099999999999937
0.09550593839892065 248.0502134423988 7.119999999999936
0.09531996324893702 248.0502134423988 7.139999999999936
0.09513324700428544 248.0502134423988 7.159999999999935
0.09494577606754852 248.0502134423988 7.179999999999935
0.09475753818551125 248.0502134423988 7.199999999999934
0.09456852192740081 248.0502134423988 7.219999999999934
0.0943787174299862 248.0502134423988 7.239999999999934
0.09418811517929711 248.0502134423988 7.259999999999933
0.09399670266540081 248.0502134423988 7.279999999999933
0.09380447012791455 248.0502134423988 7.299999999999932
0.09361141105686292 248.0502134423988 7.319999999999932
0.09341752226922195 248.0502134423988 7.339999999999931
0.09322279993723637 248.0502134423988 7.359999999999931
0.09302724078346968 248.0502134423988 7.379999999999931
0.09283084240562924 248.0502134423988 7.39999999999993
0.09263360166066482 248.0502134423988 7.41999999999993
0.09243551644219837 248.0502134423988 7.439999999999929
0.09223658410181453 248.0502134423988 7.459999999999929
0.09203679906353862 248.0502134423988 7.479999999999928
0.09183615390385373 248.0502134423988 7.499999999999928
0.09163463946096721 248.0502134423988 7.519999999999928
0.09143224919327947 248.0502134423988 7.539999999999927
0.09122897629453922 248.0502134423988 7.559999999999927
0.09102481092608819 248.0502134423988 7.579999999999926
0.090819740676955 248.0502134423988 7.599999999999926
0.09061375239011601 248.0502134423988 7.619999999999925
0.09040683196903453 248.0502134423988 7.639999999999925
0.09019896698983501 248.0502134423988 7.659999999999925
0.08999014569203789 248.0502134423988 7.679999999999924
0.08978035827694084 248.0502134423988 7.699999999999924
0.08956959491284015 248.0502134423988 7.719999999999923
0.08935784520180164 248.0502134423988 7.739999999999923
0.08914510129612774 248.0502134423988 7.759999999999923
0.08893135747081879 248.0502134423988 7.779999999999922
0.0887166074634467 248.0502134423988 7.799999999999922
0.08850084602752559 248.0502134423988 7.819999999999921
0.08828406594812011 248.0502134423988 7.839999999999921
0.08806626201022169 248.0502134423988 7.85999999999992
0.08784743224340634 248.0502134423988 7.87999999999992
0.0876275775168384 248.0502134423988 7.89999999999992
0.08740670203097597 248.0502134423988 7.919999999999919
0.08718481848140847 248.0502134423988 7.939999999999919
0.08696194191265678 248.0502134423988 7.959999999999918
0.08673808999173357 248.0502134423988 7.979999999999918
0.08651327819952737 248.0502134423988 7.999999999999917
0.08628752470178108 248.0502134423988 8.019999999999918
0.08606085004793908 248.0502134423988 8.039999999999917
0.08583327747357647 248.0502134423988 8.059999999999917
0.08560483358496233 248.0502134423988 8.079999999999917
0.08537555057562338 248.0502134423988 8.099999999999916
0.08514546242655176 248.0502134423988 8.119999999999916
0.08491460934505417 248.0502134423988 8.139999999999915
0.08468303441069634 248.0502134423988 8.159999999999915
0.08445077707591377 248.0502134423988 8.179999999999914
0.08421788174264544 248.0502134423988 8.199999999999914
0.08398439150886286 248.0502134423988 8.219999999999914
0.08375034948060905 248.0502134423988 8.239999999999913
0.08351580430334332 248.0502134423988 8.259999999999913
0.08328080943967538 248.0502134423988 8.279999999999912
0.08304542132464443 248.0502134423988 8.299999999999912
0.0828096896852784 248.0502134423988 8.319999999999911
0.08257366887591991 248.0502134423988 8.339999999999911
0.08233741342060381 248.0502134423988 8.359999999999911
0.08210097578452988 248.0502134423988 8.37999999999991
0.08186440975694238 248.0502134423988 8.39999999999991
0.08162776179489464 248.0502134423988 8.419999999999909
0.08139108563495012 248.0502134423988 8.439999999999909
0.08115443651771317 248.0502134423988 8.459999999999908
0.08091786792847806 248.0502134423988 8.479999999999908
0.08068142801414033 248.0502134423988 8.499999999999908
0.08044516082069605 248.0502134423988 8.519999999999907
0.08020910949444433 248.0502134423988 8.539999999999907
0.07997331046129655 248.0502134423988 8.559999999999906
0.07973779469101359 248.0502134423988 8.579999999999906
0.07950259216457921 248.0502134423988 8.599999999999905
0.07926772503900212 248.0502134423988 8.619999999999905
0.07903322270643529 248.0502134423988 8.639999999999905
0.07879912169223764 248.0502134423988 8.659999999999904
0.07856545245465968 248.0502134423988 8.679999999999904
0.07833223483722906 248.0502134423988 8.699999999999903
0.07809948733447332 248.0502134423988 8.719999999999903
0.07786722892644465 248.0502134423988 8.739999999999903
0.07763547809999709 248.0502134423988 8.759999999999902
0.07740426659488199 248.0502134423988 8.779999999999902
0.07717362266847912 248.0502134423988 8.799999999999901
0.07694356904460951 248.0502134423988 8.819999999999901
0.07671413715589043 248.0502134423988 8.8399999999999
0.0764853468014455 248.0502134423988 8.8599999999999
0.07625721825356573 248.0502134423988 8.8799999999999
0.07602977377265861 248.0502134423988 8.899999999999899
0.07580302931022323 248.0502134423988 8.919999999999899
0.07557699233880247 248.0502134423988 8.939999999999898
0.07535167878402547 248.0502134423988 8.959999999999898
0.0751271080759848 248.0502134423988 8.979999999999897
0.07490329257427561 248.0502134423988 8.999999999999897
0.07468025370144771 248.0502134423988 9.019999999999897
0.07445801361265769 248.0502134423988 9.039999999999896
0.07423659706310048 248.0502134423988 9.059999999999896
0.07401603483803934 248.0502134423988 9.079999999999895
0.07379635605413916 248.0502134423988 9.099999999999895
0.07357757722674144 248.0502134423988 9.119999999999894
0.07335971536455452 248.0502134423988 9.139999999999894
0.07314278581119901 248.0502134423988 9.159999999999894
0.07292680699007482 248.0502134423988 9.179999999999893
0.07271179098093958 248.0502134423988 9.199999999999893
0.0724977433829751 248.0502134423988 9.219999999999892
0.07228467439605932 248.0502134423988 9.239999999999892
0.07207259671901442 248.0502134423988 9.259999999999891
0.07186151435106541 248.0502134423988 9.279999999999891
0.07165141502500161 248.0502134423988 9.299999999999891
0.07144229217228826 248.0502134423988 9.31999999999989
0.07123414496136399 248.0502134423988 9.33999999999989
0.07102695580048909 248.0502134423988 9.359999999999889
0.07082070688201984 248.0502134423988 9.379999999999889
0.07061537599361037 248.0502134423988 9.399999999999888
0.07041094937524379 248.0502134423988 9.419999999999888
0.07020741007794555 248.0502134423988 9.439999999999888
0.07000472720617838 248.0502134423988 9.459999999999887
0.06980286760246589 248.0502134423988 9.479999999999887
0.06960179718476148 248.0502134423988 9.499999999999886
0.06940149478296097 248.0502134423988 9.519999999999886
0.06920192679641085 248.0502134423988 9.539999999999885
0.06900305312487559 248.0502134423988 9.559999999999885
0.06880483317433617 248.0502134423988 9.579999999999885
0.06860723285142235 248.0502134423988 9.599999999999884
0.06841021785809401 248.0502134423988 9.619999999999884
0.06821375559034284 248.0502134423988 9.639999999999883
0.06801780794564766 248.0502134423988 9.659999999999883
0.06782234516884439 248.0502134423988 9.679999999999882
0.06762733531070482 248.0502134423988 9.699999999999882
0.0674327481683077 248.0502134423988 9.719999999999882
0.06723855784621489 248.0502134423988 9.739999999999881
0.06704473760774937 248.0502134423988 9.759999999999881
0.06685125694038237 248.0502134423988 9.77999999999988
0.06665809032666575 248.0502134423988 9.79999999999988
0.06646521235210411 248.0502134423988 9.819999999999879
0.06627259653330785 248.0502134423988 9.839999999999879
0.06608021844769178 248.0502134423988 9.859999999999879
0.06588805935239429 248.0502134423988 9.879999999999878
0.06569610078535512 248.0502134423988 9.899999999999878
0.0655043292986556 248.0502134423988 9.919999999999877
0.06531273990037964 248.0502134423988 9.939999999999877
0.0651213219792178 248.0502134423988 9.959999999999877
0.06493006115353994 248.0502134423988 9.979999999999876
0.06473895130328063 248.0502134423988 9.999999999999876
0.06454798766417873 248.0502134423988 10.01999999999988
0.0643571661896616 248.0502134423988 10.03999999999987
0.06416648740768932 248.0502134423988 10.05999999999987
0.06397595088440505 248.0502134423988 10.07999999999987
0.06378555658929073 248.0502134423988 10.09999999999987
0.06359530857593747 248.0502134423988 10.11999999999987
0.06340521874871077 248.0502134423988 10.13999999999987
0.06321530126234845 248.0502134423988 10.15999999999987
0.0630255680884718 248.0502134423988 10.17999999999987
0.0628360234368092 248.0502134423988 10.19999999999987
0.06264667780556639 248.0502134423988 10.21999999999987
0.06245754330326426 248.0502134423988 10.23999999999987
0.06226863045154511 248.0502134423988 10.25999999999987
0.06207994919658921 248.0502134423988 10.27999999999987
0.06189151013640995 248.0502134423988 10.29999999999987
0.06170332022079223 248.0502134423988 10.31999999999987
0.06151539224138816 248.0502134423988 10.33999999999987
0.0613277361600491 248.0502134423988 10.35999999999987
0.06114036344549346 248.0502134423988 10.37999999999987
0.06095328400346816 248.0502134423988 10.39999999999987
0.0607665061147149 248.0502134423988 10.41999999999987
0.0605800356233423 248.0502134423988 10.43999999999987
0.06039388027099318 248.0502134423988 10.45999999999987
0.0602080458968007 248.0502134423988 10.47999999999987
0.06002253560420297 248.0502134423988 10.49999999999986
0.0598373537771307 248.0502134423988 10.51999999999986
0.05965250182045655 248.0502134423988 10.53999999999986
0.05946797926225224 248.0502134423988 10.55999999999986
0.05928378725104575 248.0502134423988 10.57999999999986
0.05909992643739256 248.0502134423988 10.59999999999986
0.05891639447373385 248.0502134423988 10.61999999999986
0.05873318743604853 248.0502134423988 10.63999999999986
0.05855030693936152 248.0502134423988 10.65999999999986
0.0583677558100931 248.0502134423988 10.67999999999986
0.05818553407464717 248.0502134423988 10.69999999999986
0.05800364591526067 248.0502134423988 10.71999999999986
0.05782209657613663 248.0502134423988 10.73999999999986
0.05764089536732885 248.0502134423988 10.75999999999986
0.05746005191867985 248.0502134423988 10.77999999999986
0.05727957560487709 248.0502134423988 10.79999999999986
0.05709947849048247 248.0502134423988 10.81999999999986
0.05691977313656091 248.0502134423988 10.83999999999986
0.05674047750499778 248.0502134423988 10.85999999999986
0.05656161135325593 248.0502134423988 10.87999999999986
0.05638319328197591 248.0502134423988 10.89999999999986
0.05620523831317568 248.0502134423988 10.91999999999986
0.05602776215571773 248.0502134423988 10.93999999999986
0.05585078488960392 248.0502134423988 10.95999999999986
0.05567432844911883 248.0502134423988 10.97999999999985
0.05549841479357055 248.0502134423988 10.99999999999985
0.05532306172931971 248.0502134423988 11.01999999999985
0.05514829043141205 248.0502134423988 11.03999999999985
0.05497412499593078 248.0502134423988 11.05999999999985
0.05480059058134601 248.0502134423988 11.07999999999985
0.0546277100426926 248.0502134423988 11.09999999999985
0.05445550195031681 248.0502134423988 11.11999999999985
0.05428398542273785 248.0502134423988 11.13999999999985
0.05411318139653024 248.0502134423988 11.15999999999985
0.05394310756128438 248.0502134423988 11.17999999999985
0.05377378455332873 248.0502134423988 11.19999999999985
0.05360523281555147 248.0502134423988 11.21999999999985
0.05343747354941387 248.0502134423988 11.23999999999985
0.05327052540857452 248.0502134423988 11.25999999999985
0.05310440756184555 248.0502134423988 11.27999999999985
0.05293913852310685 248.0502134423988 11.29999999999985
0.05277473446141265 248.0502134423988 11.31999999999985
0.05261120920914974 248.0502134423988 11.33999999999985
0.05244857690123437 248.0502134423988 11.35999999999985
0.05228685094632157 248.0502134423988 11.37999999999985
0.05212604232199448 248.0502134423988 11.39999999999985
0.05196616547933401 248.0502134423988 11.41999999999985
0.051807233035466 248.0502134423988 11.43999999999984
0.05164925359623996 248.0502134423988 11.45999999999984
0.0514922357660451 248.0502134423988 11.47999999999984
0.05133618681200437 248.0502134423988 11.49999999999984
0.05118111017173096 248.0502134423988 11.51999999999984
0.05102700628984094 248.0502134423988 11.53999999999984
0.05087387496381811 248.0502134423988 11.55999999999984
0.0507217172502362 248.0502134423988 11.57999999999984
0.05057053357883648 248.0502134423988 11.59999999999984
0.05042032284073019 248.0502134423988 11.61999999999984
0.050271084872941 248.0502134423988 11.63999999999984
0.05012281921809067 248.0502134423988 11.65999999999984
0.04997552072384998 248.0502134423988 11.67999999999984
0.04982918168280068 248.0502134423988 11.69999999999984
0.04968379248795814 248.0502134423988 11.71999999999984
0.04953934792160804 248.0502134423988 11.73999999999984
0.04939584448253645 248.0502134423988 11.75999999999984
0.04925327857859325 248.0502134423988 11.77999999999984
0.04911164583419356 248.0502134423988 11.79999999999984
0.04897094028188313 248.0502134423988 11.81999999999984
0.04883115301537003 248.0502134423988 11.83999999999984
0.04869227604466677 248.0502134423988 11.85999999999984
0.04855430184295514 248.0502134423988 11.87999999999984
0.04841722309128232 248.0502134423988 11.89999999999984
0.04828103331735292 248.0502134423988 11.91999999999983
0.04814572134720449 248.0502134423988 11.93999999999983
0.04801127726961515 248.0502134423988 11.95999999999983
0.04787769392795498 248.0502134423988 11.97999999999983
0.04774496567396415 248.0502134423988 11.99999999999983
0.04761308560850398 248.0502134423988 12.01999999999983
0.04748204801657391 248.0502134423988 12.03999999999983
0.04735184678355384 248.0502134423988 12.05999999999983
0.04722247388324386 248.0502134423988 12.07999999999983
0.04709392128180926 248.0502134423988 12.09999999999983
0.04696618139036305 248.0502134423988 12.11999999999983
0.04683924821136367 248.0502134423988 12.13999999999983
0.04671311807136418 248.0502134423988 12.15999999999983
0.04658778695168232 248.0502134423988 12.17999999999983
0.04646324875165907 248.0502134423988 12.19999999999983
0.04633949703460381 248.0502134423988 12.21999999999983
0.04621652750294002 248.0502134423988 12.23999999999983
0.0460943348877657 248.0502134423988 12.25999999999983
0.04597291335012025 248.0502134423988 12.27999999999983
0.0458522561252921 248.0502134423988 12.29999999999983
0.04573235765781699 248.0502134423988 12.31999999999983
0.04561321474193619 248.0502134423988 12.33999999999983
0.04549482213571341 248.0502134423988 12.35999999999983
0.04537717603331838 248.0502134423988 12.37999999999982
0.04526027101483687 248.0502134423988 12.39999999999982
0.04514410166563027 248.0502134423988 12.41999999999982
0.04502866278835638 248.0502134423988 12.43999999999982
0.04491394906456034 248.0502134423988 12.45999999999982
0.04479995523639992 248.0502134423988 12.47999999999982
0.04468667542864485 248.0502134423988 12.49999999999982
0.04457410358945089 248.0502134423988 12.51999999999982
0.04446223424566281 248.0502134423988 12.53999999999982
0.04435106218963243 248.0502134423988 12.55999999999982
0.04424058023456532 248.0502134423988 12.57999999999982
0.0441307811658988 248.0502134423988 12.59999999999982
0.04402165868646842 248.0502134423988 12.61999999999982
0.04391320580929076 248.0502134423988 12.63999999999982
0.04380541679802843 248.0502134423988 12.65999999999982
0.04369828628894345 248.0502134423988 12.67999999999982
0.0435918085065737 248.0502134423988 12.69999999999982
0.04348597606283591 248.0502134423988 12.71999999999982
0.04338078243907518 248.0502134423988 12.73999999999982
0.04327622166035422 248.0502134423988 12.75999999999982
0.04317228710765597 248.0502134423988 12.77999999999982
0.04306897323990606 248.0502134423988 12.79999999999982
0.04296627286395921 248.0502134423988 12.81999999999982
0.04286417902058072 248.0502134423988 12.83999999999982
0.04276268485112659 248.0502134423988 12.85999999999981
0.04266178304934544 248.0502134423988 12.87999999999981
0.04256146608675629 248.0502134423988 12.89999999999981
0.042461726340651 248.0502134423988 12.91999999999981
0.04236255570256667 248.0502134423988 12.93999999999981
0.04226394654853616 248.0502134423988 12.95999999999981
0.0421658926047803 248.0502134423988 12.97999999999981
0.04206838611205306 248.0502134423988 12.99999999999981
0.04197141920766024 248.0502134423988 13.01999999999981
0.04187498387589043 248.0502134423988 13.03999999999981
0.04177907289585416 248.0502134423988 13.05999999999981
0.04168367860468707 248.0502134423988 13.07999999999981
0.04158879415022015 248.0502134423988 13.09999999999981
0.04149441169682869 248.0502134423988 13.11999999999981
0.04140052365348974 248.0502134423988 13.13999999999981
0.04130712277546833 248.0502134423988 13.15999999999981
0.04121420198646978 248.0502134423988 13.17999999999981
0.04112175539977412 248.0502134423988 13.19999999999981
0.04102977695295403 248.0502134423988 13.21999999999981
0.04093826091628853 248.0502134423988 13.23999999999981
0.04084720085675599 248.0502134423988 13.25999999999981
0.04075659092574078 248.0502134423988 13.27999999999981
0.04066642595899109 248.0502134423988 13.29999999999981
0.04057670096995182 248.0502134423988 13.3199999999998
0.04048741030887479 248.0502134423988 13.3399999999998
0.04039854772592075 248.0502134423988 13.3599999999998
0.04031010562879252 248.0502134423988 13.3799999999998
0.04022207710958667 248.0502134423988 13.3999999999998
0.04013445638435596 248.0502134423988 13.4199999999998
0.04004723866605207 248.0502134423988 13.4399999999998
0.03996041913092222 248.0502134423988 13.4599999999998
0.03987399154436407 248.0502134423988 13.4799999999998
0.03978795118979211 248.0502134423988 13.4999999999998
0.0397022934817805 248.0502134423988 13.5199999999998
0.03961701344762351 248.0502134423988 13.5399999999998
0.03953210560055133 248.0502134423988 13.5599999999998
0.03944756519554441 248.0502134423988 13.5799999999998
0.039363388031401 248.0502134423988 13.5999999999998
0.03927956973100303 248.0502134423988 13.6199999999998
0.03919610554801253 248.0502134423988 13.6399999999998
0.03911299019453856 248.0502134423988 13.6599999999998
0.03903021919432158 248.0502134423988 13.6799999999998
0.03894778806663216 248.0502134423988 13.6999999999998
0.03886569190476979 248.0502134423988 13.7199999999998
0.03878392613825465 248.0502134423988 13.7399999999998
0.03870248578190623 248.0502134423988 13.7599999999998
0.03862136644025359 248.0502134423988 13.7799999999998
0.03854056452064181 248.0502134423988 13.79999999999979
0.03846007660601922 248.0502134423988 13.81999999999979
0.03837989965487618 248.0502134423988 13.83999999999979
0.03830003008200467 248.0502134423988 13.85999999999979
0.03822046418041501 248.0502134423988 13.87999999999979
0.03814119738830705 248.0502134423988 13.89999999999979
0.03806222568090661 248.0502134423988 13.91999999999979
0.0379835456371905 248.0502134423988 13.93999999999979
0.0379051527329088 248.0502134423988 13.95999999999979
0.03782704306778169 248.0502134423988 13.97999999999979
0.03774921344345649 248.0502134423988 13.99999999999979
0.03767166080854651 248.0502134423988 14.01999999999979
0.03759438226114856 248.0502134423988 14.03999999999979
0.03751737460033148 248.0502134423988 14.05999999999979
0.03744063496027172 248.0502134423988 14.07999999999979
0.03736415962994663 248.0502134423988 14.09999999999979
0.03728794499651807 248.0502134423988 14.11999999999979
0.03721198808219416 248.0502134423988 14.13999999999979
0.03713628596152854 248.0502134423988 14.15999999999979
0.03706083548072151 248.0502134423988 14.17999999999979
0.03698563356848893 248.0502134423988 14.19999999999979
0.03691067832183673 248.0502134423988 14.21999999999979
0.03683596753989113 248.0502134423988 14.23999999999979
0.03676149885364646 248.0502134423988 14.25999999999978
0.0366872701366309 248.0502134423988 14.27999999999978
0.03661327927811935 248.0502134423988 14.29999999999978
0.03653952380230479 248.0502134423988 14.31999999999978
0.03646600142661825 248.0502134423988 14.33999999999978
0.03639270997465681 248.0502134423988 14.35999999999978
0.03631964715817984 248.0502134423988 14.37999999999978
0.03624681092030242 248.0502134423988 14.39999999999978
0.03617419927543646 248.0502134423988 14.41999999999978
0.03610181060342824 248.0502134423988 14.43999999999978
0.03602964299928806 248.0502134423988 14.45999999999978
0.03595769438352176 248.0502134423988 14.47999999999978
0.03588596294606291 248.0502134423988 14.49999999999978
0.03581444687577152 248.0502134423988 14.51999999999978
0.03574314445820796 248.0502134423988 14.53999999999978
0.03567205438194466 248.0502134423988 14.55999999999978
0.0356011748672652 248.0502134423988 14.57999999999978
0.03553050430927121 248.0502134423988 14.59999999999978
0.03546004128730355 248.0502134423988 14.61999999999978
0.03538978495272825 248.0502134423988 14.63999999999978
0.03531973394809879 248.0502134423988 14.65999999999978
0.03524988696900593 248.0502134423988 14.67999999999978
0.03518024257484536 248.0502134423988 14.69999999999978
0.03511079913426111 248.0502134423988 14.71999999999978
0.03504155566861784 248.0502134423988 14.73999999999977
0.03497251131315887 248.0502134423988 14.75999999999977
0.03490366515283792 248.0502134423988 14.77999999999977
0.03483501633897784 248.0502134423988 14.79999999999977
0.03476656420163759 248.0502134423988 14.81999999999977
0.03469830824466869 248.0502134423988 14.83999999999977
0.03463024818055319 248.0502134423988 14.85999999999977
0.0345623834916462 248.0502134423988 14.87999999999977
0.0344947133457472 248.0502134423988 14.89999999999977
0.03442723671725861 248.0502134423988 14.91999999999977
0.03435995263501366 248.0502134423988 14.93999999999977
0.03429286039887425 248.0502134423988 14.95999999999977
0.03422595906849898 248.0502134423988 14.97999999999977
0.03415924810824611 248.0502134423988 14.99999999999977
0.03409272724539465 248.0502134423988 15.01999999999977
0.03402639634133416 248.0502134423988 15.03999999999977
0.03396025489976773 248.0502134423988 15.05999999999977
0.03389430215373768 248.0502134423988 15.07999999999977
0.03382853750766728 248.0502134423988 15.09999999999977
0.03376296031438938 248.0502134423988 15.11999999999977
0.03369756992692917 248.0502134423988 15.13999999999977
0.03363236613433251 248.0502134423988 15.15999999999977
0.03356734895490667 248.0502134423988 15.17999999999977
0.03350251836066357 248.0502134423988 15.19999999999976
0.03343787395861579 248.0502134423988 15.21999999999976
0.03337341533819782 248.0502134423988 15.23999999999976
0.03330914211059854 248.0502134423988 15.25999999999976
0.03324505390823058 248.0502134423988 15.27999999999976
0.03318115045587959 248.0502134423988 15.29999999999976
0.03311743123379687 248.0502134423988 15.31999999999976
0.03305389583075183 248.0502134423988 15.33999999999976
0.03299054381280105 248.0502134423988 15.35999999999976
0.03292737458915321 248.0502134423988 15.37999999999976
0.03286438758555704 248.0502134423988 15.39999999999976
0.0328015820278102 248.0502134423988 15.41999999999976
0.03273895719468767 248.0502134423988 15.43999999999976
0.03267651268690666 248.0502134423988 15.45999999999976
0.03261424795931308 248.0502134423988 15.47999999999976
0.03255216264345456 248.0502134423988 15.49999999999976
0.03249025651200552 248.0502134423988 15.51999999999976
0.03242852938186481 248.0502134423988 15.53999999999976
0.03236698050654832 248.0502134423988 15.55999999999976
0.03230560905676754 248.0502134423988 15.57999999999976
0.0322444144170274 248.0502134423988 15.59999999999976
0.03218339571341342 248.0502134423988 15.61999999999976
0.03212255189022909 248.0502134423988 15.63999999999976
0.0320618819989385 248.0502134423988 15.65999999999976
0.03200138549679147 248.0502134423988 15.67999999999975
0.03194106200329259 248.0502134423988 15.69999999999975
0.03188091059859189 248.0502134423988 15.71999999999975
0.03182093043374642 248.0502134423988 15.73999999999975
0.031761120719814 248.0502134423988 15.75999999999975
0.03170148068575217 248.0502134423988 15.77999999999975
0.03164200933288986 248.0502134423988 15.79999999999975
0.03158270559680507 248.0502134423988 15.81999999999975
0.03152356833431751 248.0502134423988 15.83999999999975
0.03146459632316402 248.0502134423988 15.85999999999975
0.03140578850356083 248.0502134423988 15.87999999999975
0.03134714375292358 248.0502134423988 15.89999999999975
0.03128866105188996 248.0502134423988 15.91999999999975
0.03123033961217301 248.0502134423988 15.93999999999975
0.03117217864061768 248.0502134423988 15.95999999999975
0.03111417717409325 248.0502134423988 15.97999999999975
0.03105633431250293 248.0502134423988 15.99999999999975
0.03099864908298692 248.0502134423988 16.01999999999975
0.03094112079139727 248.0502134423988 16.03999999999975
0.03088374891662527 248.0502134423988 16.05999999999975
0.03082653253902303 248.0502134423988 16.07999999999975
0.03076947087050275 248.0502134423988 16.09999999999975
0.03071256311367704 248.0502134423988 16.11999999999975
0.03065580837671759 248.0502134423988 16.13999999999974
0.03059920576870412 248.0502134423988 16.15999999999974
0.03054275438856342 248.0502134423988 16.17999999999974
0.03048645359566352 248.0502134423988 16.19999999999974
0.03043030279692004 248.0502134423988 16.21999999999974
0.0303743014998757 248.0502134423988 16.23999999999974
0.03031844922795627 248.0502134423988 16.25999999999974
0.0302627454889106 248.0502134423988 16.27999999999974
0.03020718970904195 248.0502134423988 16.29999999999974
0.03015178142685023 248.0502134423988 16.31999999999974
0.03009651988948585 248.0502134423988 16.33999999999974
0.03004140471959053 248.0502134423988 16.35999999999974
0.02998643542386646 248.0502134423988 16.37999999999974
0.02993161167851517 248.0502134423988 16.39999999999974
0.02987693324636694 248.0502134423988 16.41999999999974
0.02982239983231101 248.0502134423988 16.43999999999974
0.0297680110427869 248.0502134423988 16.45999999999974
0.02971376648367042 248.0502134423988 16.47999999999974
0.02965966554505984 248.0502134423988 16.49999999999974
0.02960570778202949 248.0502134423988 16.51999999999974
0.02955189308331472 248.0502134423988 16.53999999999974
0.02949822115328218 248.0502134423988 16.55999999999974
0.02944469188980926 248.0502134423988 16.57999999999974
0.02939130524556819 248.0502134423988 16.59999999999973
0.02933806094080725 248.0502134423988 16.61999999999973
0.02928495845035132 248.0502134423988 16.63999999999973
0.02923199727356487 248.0502134423988 16.65999999999973
0.02917917723798468 248.0502134423988 16.67999999999973
0.02912649832806202 248.0502134423988 16.69999999999973
0.02907396054161267 248.0502134423988 16.71999999999973
0.02902156364108094 248.0502134423988 16.73999999999973
0.02896930748255877 248.0502134423988 16.75999999999973
0.02891719194722885 248.0502134423988 16.77999999999973
0.02886521689904153 248.0502134423988 16.79999999999973
0.0288133822261134 248.0502134423988 16.81999999999973
0.02876168778222442 248.0502134423988 16.83999999999973
0.02871013336168248 248.0502134423988 16.85999999999973
0.02865871896849828 248.0502134423988 16.87999999999973
0.02860744463635151 248.0502134423988 16.89999999999973
0.02855631051767515 248.0502134423988 16.91999999999973
0.02850531691429859 248.0502134423988 16.93999999999973
0.02845446395268411 248.0502134423988 16.95999999999973
0.02840375164399049 248.0502134423988 16.97999999999973
0.02835317986210666 248.0502134423988 16.99999999999973
0.02830274862924983 248.0502134423988 17.01999999999973
0.02825245772329681 248.0502134423988 17.03999999999973
0.02820230722593953 248.0502134423988 17.05999999999973
0.02815229737995381 248.0502134423988 17.07999999999972
0.02810242838526955 248.0502134423988 17.09999999999972
0.02805270047532338 248.0502134423988 17.11999999999972
0.02800311366176357 248.0502134423988 17.13999999999972
0.02795366794040532 248.0502134423988 17.15999999999972
0.02790436336366104 248.0502134423988 17.17999999999972
0.02785520001228599 248.0502134423988 17.19999999999972
0.02780617772480188 248.0502134423988 17.21999999999972
0.02775729644641257 248.0502134423988 17.23999999999972
0.0277085561443435 248.0502134423988 17.25999999999972
0.02765995670111874 248.0502134423988 17.27999999999972
0.02761149796208405 248.0502134423988 17.29999999999972
0.02756317976705535 248.0502134423988 17.31999999999972
0.027515001966492 248.0502134423988 17.33999999999972
0.02746696440384409 248.0502134423988 17.35999999999972
0.02741906698582914 248.0502134423988 17.37999999999972
0.02737130946824406 248.0502134423988 17.39999999999972
0.02732369164641763 248.0502134423988 17.41999999999972
0.02727621331776751 248.0502134423988 17.43999999999972
0.02722887427023814 248.0502134423988 17.45999999999972
0.0271816743484363 248.0502134423988 17.47999999999972
0.02713461312818537 248.0502134423988 17.49999999999972
0.02708769041572261 248.0502134423988 17.51999999999972
0.02704090606441003 248.0502134423988 17.53999999999971
0.0269942597212223 248.0502134423988 17.55999999999971
0.02694775097410603 248.0502134423988 17.57999999999971
0.02690137932149687 248.0502134423988 17.59999999999971
0.02685514420090317 248.0502134423988 17.61999999999971
0.02680904488397019 248.0502134423988 17.63999999999971
0.02676308068493293 248.0502134423988 17.65999999999971
0.02671725085196073 248.0502134423988 17.67999999999971
0.02667155481883706 248.0502134423988 17.69999999999971
0.02662599213419452 248.0502134423988 17.71999999999971
0.02658056239711415 248.0502134423988 17.73999999999971
0.02653526513629349 248.0502134423988 17.75999999999971
0.02649009971573017 248.0502134423988 17.77999999999971
0.02644506568512338 248.0502134423988 17.79999999999971
0.02640016255360051 248.0502134423988 17.81999999999971
0.02635538964532629 248.0502134423988 17.83999999999971
0.02631074607788594 248.0502134423988 17.85999999999971
0.02626623130128293 248.0502134423988 17.87999999999971
0.02622184462515085 248.0502134423988 17.89999999999971
0.02617758529765287 248.0502134423988 17.91999999999971
0.02613345265657938 248.0502134423988 17.93999999999971
0.02608944606260065 248.0502134423988 17.95999999999971
0.02604556486673743 248.0502134423988 17.97999999999971
0.0260018083810145 248.0502134423988 17.99999999999971
0.02595817568475425 248.0502134423988 18.0199999999997
0.0259146658418562 248.0502134423988 18.0399999999997
0.02587127810221306 248.0502134423988 18.0599999999997
0.02582801170605187 248.0502134423988 18.0799999999997
0.02578486576752128 248.0502134423988 18.0999999999997
0.02574183953562199 248.0502134423988 18.1199999999997
0.02569893242830975 248.0502134423988 18.1399999999997
0.02565614360115517 248.0502134423988 18.1599999999997
0.02561347218114952 248.0502134423988 18.1799999999997
0.02557091746538781 248.0502134423988 18.1999999999997
0.0255284787329165 248.0502134423988 18.2199999999997
0.02548615523548352 248.0502134423988 18.2399999999997
0.02544394612429857 248.0502134423988 18.2599999999997
0.02540185056689555 248.0502134423988 18.2799999999997
0.02535986779567568 248.0502134423988 18.2999999999997
0.02531799705462033 248.0502134423988 18.3199999999997
0.02527623767422617 248.0502134423988 18.3399999999997
0.02523458886241048 248.0502134423988 18.3599999999997
0.02519304974905098 248.0502134423988 18.3799999999997
0.02515161950202668 248.0502134423988 18.3999999999997
0.02511029730560118 248.0502134423988 18.4199999999997
0.02506908218754263 248.0502134423988 18.4399999999997
0.02502797341804617 248.0502134423988 18.4599999999997
0.02498697029432138 248.0502134423988 18.47999999999969
0.02494607206464392 248.0502134423988 18.49999999999969
0.02490527798648223 248.0502134423988 18.51999999999969
0.0248645874525165 248.0502134423988 18.53999999999969
0.02482399982779148 248.0502134423988 18.55999999999969
0.02478351444366064 248.0502134423988 18.57999999999969
0.02474313064784653 248.0502134423988 18.59999999999969
0.0247028478309904 248.0502134423988 18.61999999999969
0.02466266531950369 248.0502134423988 18.63999999999969
0.02462258234193346 248.0502134423988 18.65999999999969
0.0245825981117632 248.0502134423988 18.67999999999969
0.02454271201799697 248.0502134423988 18.69999999999969
0.02450292355567906 248.0502134423988 18.71999999999969
0.02446323207904234 248.0502134423988 18.73999999999969
0.02442363700524587 248.0502134423988 18.75999999999969
0.02438413781417793 248.0502134423988 18.77999999999969
0.02434473392572921 248.0502134423988 18.79999999999969
0.02430542493304457 248.0502134423988 18.81999999999969
0.02426621039435433 248.0502134423988 18.83999999999969
0.02422708984306844 248.0502134423988 18.85999999999969
0.02418806281833599 248.0502134423988 18.87999999999969
0.02414912891795819 248.0502134423988 18.89999999999969
0.02411028768474689 248.0502134423988 18.91999999999969
0.02407153871767898 248.0502134423988 18.93999999999969
0.02403288158590754 248.0502134423988 18.95999999999968
0.02399431592497679 248.0502134423988 18.97999999999968
0.02395584137761239 248.0502134423988 18.99999999999968
0.02391745752731207 248.0502134423988 19.01999999999968
0.02387916401106124 248.0502134423988 19.03999999999968
0.02384096055729484 248.0502134423988 19.05999999999968
0.02380284687192672 248.0502134423988 19.07999999999968
0.02376482258363029 248.0502134423988 19.09999999999968
0.02372688737785293 248.0502134423988 19.11999999999968
0.02368904093409725 248.0502134423988 19.13999999999968
0.02365128315022579 248.0502134423988 19.15999999999968
0.02361361381692728 248.0502134423988 19.17999999999968
0.02357603273091653 248.0502134423988 19.19999999999968
0.02353853973533053 248.0502134423988 19.21999999999968
0.02350113455795523 248.0502134423988 19.23999999999968
0.02346381698419591 248.0502134423988 19.25999999999968
0.02342658678477848 248.0502134423988 19.27999999999968
0.02338944378181592 248.0502134423988 19.29999999999968
0.02335238791704777 248.0502134423988 19.31999999999968
0.02331541908604826 248.0502134423988 19.33999999999968
0.02327853719328545 248.0502134423988 19.35999999999968
0.02324174203094721 248.0502134423988 19.37999999999968
0.02320503336589822 248.0502134423988 19.39999999999968
0.02316841101160767 248.0502134423988 19.41999999999967
0.02313187480607384 248.0502134423988 19.43999999999967
0.02309542460344973 248.0502134423988 19.45999999999967
0.02305906037615195 248.0502134423988 19.47999999999967
0.02302278206971309 248.0502134423988 19.49999999999967
0.02298658963195344 248.0502134423988 19.51999999999967
0.02295048295964526 248.0502134423988 19.53999999999967
0.02291446204190976 248.0502134423988 19.55999999999967
0.02287852679498666 248.0502134423988 19.57999999999967
0.02284267714071202 248.0502134423988 19.59999999999967
0.02280691301000749 248.0502134423988 19.61999999999967
0.02277123431878947 248.0502134423988 19.63999999999967
0.02273564103553499 248.0502134423988 19.65999999999967
0.02270013304146717 248.0502134423988 19.67999999999967
0.02266471021538183 248.0502134423988 19.69999999999967
0.02262937230912919 248.0502134423988 19.71999999999967
0.02259411917088988 248.0502134423988 19.73999999999967
0.02255895064219571 248.0502134423988 19.75999999999967
0.0225238666368937 248.0502134423988 19.77999999999967
0.02248886698506868 248.0502134423988 19.79999999999967
0.02245395154736587 248.0502134423988 19.81999999999967
0.02241912026594476 248.0502134423988 19.83999999999967
0.02238437308695857 248.0502134423988 19.85999999999967
0.02234970992498673 248.0502134423988 19.87999999999967
0.02231513067690123 248.0502134423988 19.89999999999966
0.02228063522528317 248.0502134423988 19.91999999999966
0.02224622346272806 248.0502134423988 19.93999999999966
0.0222118953463543 248.0502134423988 19.95999999999966
0.022177650756948 248.0502134423988 19.97999999999966
0.02214348953261468 248.0502134423988 19.99999999999966
0.02210941147862196 248.0502134423988 20.01999999999966
