0	0.125
0.02	0.124990618
0.04	0.124981238
0.06	0.12497186
0.08	0.124962483
0.1	0.124953106
0.12	0.124943729
0.14	0.12493435
0.16	0.124924968
0.18	0.124915584
0.2	0.124906195
0.22	0.124896802
0.24	0.124887403
0.26	0.124877997
0.28	0.124868584
0.3	0.124859163
0.32	0.124849732
0.34	0.124840292
0.36	0.12483084
0.38	0.124821377
0.4	0.124811901
0.42	0.124802412
0.44	0.124792908
0.46	0.124783389
0.48	0.124773854
0.5	0.124764301
0.52	0.12475473
0.54	0.12474514
0.56	0.12473553
0.58	0.124725899
0.6	0.124716246
0.62	0.12470657
0.64	0.12469687
0.66	0.124687146
0.68	0.124677395
0.7	0.124667618
0.72	0.124657812
0.74	0.124647978
0.76	0.124638114
0.78	0.124628219
0.8	0.124618292
0.82	0.124608332
0.84	0.124598339
0.86	0.12458831
0.88	0.124578245
0.9	0.124568142
0.92	0.124558002
0.94	0.124547822
0.96	0.124537602
0.98	0.12452734
1	0.124517036
1.02	0.124506688
1.04	0.124496295
1.06	0.124485856
1.08	0.12447537
1.1	0.124464836
1.12	0.124454252
1.14	0.124443618
1.16	0.124432932
1.18	0.124422194
1.2	0.124411401
1.22	0.124400554
1.24	0.124389649
1.26	0.124378688
1.28	0.124367667
1.3	0.124356587
1.32	0.124345445
1.34	0.124334241
1.36	0.124322973
1.38	0.12431164
1.4	0.124300241
1.42	0.124288775
1.44	0.12427724
1.46	0.124265634
1.48	0.124253958
1.5	0.124242209
1.52	0.124230386
1.54	0.124218488
1.56	0.124206514
1.58	0.124194462
1.6	0.12418233
1.62	0.124170118
1.64	0.124157825
1.66	0.124145448
1.68	0.124132986
1.7	0.124120439
1.72	0.124107804
1.74	0.12409508
1.76	0.124082266
1.78	0.124069361
1.8	0.124056363
1.82	0.12404327
1.84	0.124030081
1.86	0.124016796
1.88	0.124003411
1.9	0.123989926
1.92	0.12397634
1.94	0.12396265
1.96	0.123948856
1.98	0.123934955
2	0.123920947
2.02	0.12390683
2.04	0.123892602
2.06	0.123878262
2.08	0.123863807
2.1	0.123849238
2.12	0.123834552
2.14	0.123819747
2.16	0.123804821
2.18	0.123789775
2.2	0.123774604
2.22	0.123759309
2.24	0.123743887
2.26	0.123728337
2.28	0.123712657
2.3	0.123696845
2.32	0.1236809
2.34	0.123664819
2.36	0.123648602
2.38	0.123632246
2.4	0.12361575
2.42	0.123599111
2.44	0.123582328
2.46	0.1235654
2.48	0.123548323
2.5	0.123531097
2.52	0.123513719
2.54	0.123496188
2.56	0.1234785
2.58	0.123460655
2.6	0.123442651
2.62	0.123424484
2.64	0.123406154
2.66	0.123387657
2.68	0.123368991
2.7	0.123350155
2.72	0.123331146
2.74	0.123311961
2.76	0.123292598
2.78	0.123273054
2.8	0.123253328
2.82	0.123233415
2.84	0.123213314
2.86	0.123193022
2.88	0.123172536
2.9	0.123151852
2.92	0.123130968
2.94	0.123109881
2.96	0.123088587
2.98	0.123067083
3	0.123045366
3.02	0.123023431
3.04	0.123001276
3.06	0.122978897
3.08	0.122956288
3.1	0.122933448
3.12	0.12291037
3.14	0.122887051
3.16	0.122863486
3.18	0.122839671
3.2	0.1228156
3.22	0.122791268
3.24	0.12276667
3.26	0.1227418
3.28	0.122716652
3.3	0.122691221
3.32	0.122665499
3.34	0.122639481
3.36	0.122613159
3.38	0.122586526
3.4	0.122559575
3.42	0.122532297
3.44	0.122504685
3.46	0.122476729
3.48	0.122448421
3.5	0.12241975
3.52	0.122390706
3.54	0.122361279
3.56	0.122331458
3.58	0.122301232
3.6	0.122270587
3.62	0.122239512
3.64	0.122207993
3.66	0.122176015
3.68	0.122143565
3.7	0.122110628
3.72	0.122077188
3.74	0.122043228
3.76	0.122008732
3.78	0.121973683
3.8	0.121938064
3.82	0.121901856
3.84	0.121865041
3.86	0.121827598
3.88	0.121789508
3.9	0.121750751
3.920000001	0.121711308
3.94	0.121671159
3.96	0.121630279
3.98	0.121588647
4	0.121546244
4.02	0.121503048
4.04	0.12145904
4.06	0.121414198
4.08	0.121368495
4.1	0.121321913
4.12	0.121274423
4.14	0.121226007
4.16	0.121176639
4.18	0.121126299
4.2	0.121074962
4.22	0.121022599
4.24	0.120969193
4.26	0.120914718
4.28	0.120859149
4.3	0.120802466
4.32	0.120744656
4.340000001	0.120685731
4.36	0.120625638
4.38	0.120564377
4.4	0.120501971
4.42	0.120438431
4.44	0.120373744
4.46	0.120307903
4.48	0.120240904
4.5	0.120172812
4.52	0.120103636
4.54	0.120033377
4.56	0.119962065
4.58	0.119889746
4.6	0.119816436
4.62	0.119742147
4.64	0.119666894
4.66	0.119590653
4.68	0.119513463
4.7	0.119435343
4.72	0.119356303
4.74	0.119276364
4.760000001	0.119195554
4.78	0.119113888
4.8	0.119031391
4.82	0.11894809
4.84	0.118864021
4.86	0.118779198
4.88	0.118693624
4.9	0.118607326
4.920000001	0.118520312
4.94	0.118432585
4.96	0.118344167
4.98	0.118255063
5	0.118165271
5.02	0.118074808
5.04	0.117983688
5.06	0.117891914
5.08	0.117799511
5.1	0.117706479
5.12	0.117612847
5.14	0.117518617
5.16	0.117423801
5.180000001	0.117328414
5.2	0.117232485
5.22	0.117136004
5.24	0.117038975
5.26	0.116941436
5.28	0.116843396
5.3	0.116744865
5.32	0.116645863
5.340000001	0.11654641
5.36	0.116446505
5.38	0.116346156
5.4	0.116245372
5.42	0.11614417
5.440000001	0.116042532
5.46	0.115940499
5.48	0.115838046
5.5	0.115735188
5.52	0.115631936
5.54	0.11552828
5.56	0.115424235
5.58	0.115319774
5.600000001	0.115214932
5.62	0.115109681
5.64	0.115004033
5.66	0.114897981
5.68	0.114791442
5.7	0.114684455
5.72	0.114577011
5.74	0.114469089
5.760000001	0.114360682
5.78	0.114251769
5.8	0.114142333
5.82	0.114032375
5.84	0.11392191
5.860000001	0.113810917
5.88	0.11369936
5.9	0.113587252
5.920000001	0.113474567
5.94	0.113361321
5.96	0.113247488
5.98	0.113133046
6	0.113017993
6.020000001	0.112902308
6.04	0.112785955
6.06	0.112668966
6.08	0.112551299
6.1	0.112432927
6.12	0.11231384
6.14	0.112194016
6.16	0.112073454
6.180000001	0.11195215
6.2	0.111830064
6.22	0.111707181
6.24	0.111583506
6.26	0.111459041
6.280000001	0.111333761
6.300000003	0.111207645
6.319999998	0.111080677
6.339999999	0.110952858
6.36	0.11082416
6.38	0.11069456
6.400000001	0.110564038
6.420000002	0.110432601
6.440000003	0.110300219
6.459999998	0.110166893
6.479999999	0.110032594
6.499999999	0.10989729
6.52	0.109760993
6.540000001	0.109623697
6.560000002	0.109485381
6.580000003	0.109346088
6.599999997	0.109205757
6.619999998	0.109064438
6.639999999	0.108922152
6.66	0.108778929
6.680000001	0.108634864
6.700000002	0.108489992
6.720000003	0.108344403
6.739999997	0.108198114
6.759999998	0.108051194
6.779999999	0.107903722
6.8	0.107755739
6.820000001	0.107607216
6.840000002	0.107458181
6.860000002	0.107308674
6.880000003	0.107158765
6.899999998	0.107008396
6.919999999	0.106857609
6.94	0.106706375
6.960000001	0.106554641
6.980000001	0.106402405
7.000000002	0.106249527
7.020000003	0.106096095
7.039999998	0.105941992
7.059999999	0.105787127
7.079999999	0.105631372
7.1	0.10547473
7.120000001	0.105317112
7.140000002	0.105158442
7.160000003	0.104998657
7.179999997	0.104837669
7.199999998	0.104675477
7.219999999	0.104511982
7.24	0.104347165
7.260000001	0.104181003
7.280000002	0.104013504
7.300000003	0.103844547
7.319999997	0.10367409
7.339999998	0.103502299
7.359999999	0.103329167
7.38	0.103154719
7.400000001	0.102978974
7.420000002	0.102801994
7.440000002	0.102623798
7.460000003	0.102444509
7.479999998	0.102264185
7.499999999	0.10208287
7.52	0.101900651
7.540000001	0.101717495
7.560000001	0.101533592
7.580000002	0.101348889
7.600000003	0.101163366
7.619999998	0.100976815
7.639999999	0.100789436
7.659999999	0.100600944
7.68	0.100411413
7.700000001	0.100220734
7.720000002	0.100028963
7.740000003	0.099836027
7.759999998	0.099641905
7.779999998	0.099446481
7.799999999	0.099249738
7.82	0.099051642
7.840000001	0.098852098
7.860000002	0.098651154
7.880000003	0.098448796
7.899999997	0.098244846
7.919999998	0.098039252
7.939999999	0.097831991
7.96	0.097622997
7.980000001	0.097412396
8.000000002	0.097200033
8.020000003	0.096986097
8.040000003	0.096770632
8.059999998	0.096553396
8.079999999	0.096334474
8.1	0.096114022
8.120000001	0.095892185
8.140000001	0.095668986
8.160000002	0.095444343
8.180000003	0.095218407
8.199999998	0.094991283
8.219999999	0.094763047
8.24	0.094533802
8.26	0.0943038
8.280000001	0.094073307
8.300000002	0.093842305
8.320000003	0.093610903
8.339999998	0.093379175
8.359999998	0.093147008
8.379999999	0.092914479
8.4	0.092681374
8.420000001	0.09244766
8.440000002	0.09221308
8.460000003	0.0919777
8.479999997	0.091741557
8.499999998	0.091504375
8.519999999	0.091266014
8.54	0.091026585
8.560000001	0.090786515
8.580000002	0.090546047
8.600000003	0.090305374
8.620000003	0.0900645
8.639999998	0.089823504
8.659999999	0.089582089
8.68	0.089340147
8.700000001	0.08909776
8.720000001	0.088854889
8.740000002	0.088611481
8.760000003	0.088367373
8.779999998	0.088122783
8.799999999	0.087878122
8.82	0.087633148
8.84	0.087388095
8.860000001	0.087143181
8.880000002	0.086898148
8.900000003	0.086652923
8.919999998	0.086407262
8.939999998	0.086161188
8.959999999	0.085914502
8.98	0.085667456
9.000000001	0.085420438
9.020000002	0.085173356
9.040000003	0.084926636
9.059999997	0.084680107
9.079999998	0.084434136
9.099999999	0.084189338
9.12	0.08394544
9.140000001	0.083702558
9.160000002	0.083461123
9.180000003	0.083220912
9.200000003	0.082981804
9.219999998	0.082744151
9.239999999	0.08250759
9.26	0.08227206
9.280000001	0.082037576
9.300000002	0.081804079
9.320000002	0.081571572
9.340000003	0.081339943
9.359999998	0.081109392
9.379999999	0.080879544
9.4	0.080650244
9.42	0.080421773
9.440000001	0.080193828
9.460000002	0.079966466
9.480000003	0.079739464
9.499999998	0.079512713
9.519999999	0.079286325
9.539999999	0.079060181
9.56	0.078834267
9.580000001	0.078608422
9.600000002	0.078382676
9.620000003	0.07815691
9.639999997	0.077931305
9.659999998	0.077705659
9.679999999	0.077479925
9.7	0.077254108
9.720000001	0.077028054
9.740000002	0.076802026
9.760000003	0.076575841
9.780000004	0.076349604
9.799999998	0.076123213
9.819999999	0.075896757
9.84	0.075670183
9.860000001	0.075443477
9.880000002	0.075216588
9.900000002	0.07498945
9.920000003	0.074762186
9.939999998	0.074534712
9.959999999	0.074307179
9.98	0.074079587
10	0.073851905
10.02	0.073624244
10.04	0.073396565
10.06	0.073168897
10.08	0.072941273
10.1	0.072713787
10.12	0.072486445
10.14	0.072259291
10.16	0.072032233
10.18	0.071805199
10.2	0.071578285
10.22	0.071351497
10.24	0.071124811
10.26	0.070898185
10.28	0.070671622
10.3	0.070445072
10.32	0.070218521
10.34	0.069992019
10.36	0.069765585
10.38	0.06953913
10.4	0.069312851
10.42	0.069086679
10.44	0.068860654
10.46	0.068634723
10.48	0.068408974
10.5	0.068183372
10.52	0.067957809
10.54	0.067732398
10.56	0.067507032
10.58	0.067281843
10.6	0.06705675
10.62	0.066831825
10.64	0.066607045
10.66	0.066382427
10.68	0.066158212
10.7	0.065934391
10.72	0.065711058
10.74	0.065488379
10.76	0.065266367
10.78	0.065045038
10.8	0.064824503
10.82	0.064604744
10.84	0.064385798
10.86	0.064167807
10.88	0.063950807
10.9	0.063734756
10.92	0.063519703
10.94	0.063305655
10.96	0.06309247
10.98	0.062880149
11	0.062668533
11.02	0.062457458
11.04	0.062247092
11.06	0.06203732
11.08	0.0618282
11.1	0.061619472
11.12	0.0614113
11.14	0.061203861
11.16	0.060997125
11.18	0.060791207
11.2	0.060586091
11.22	0.060381816
11.24	0.060178463
11.26	0.059976047
11.28	0.059774629
11.3	0.059574199
11.32	0.059374804
11.34	0.059176461
11.36	0.058979103
11.38	0.058782702
11.4	0.058587303
11.42	0.058392838
11.44	0.058199361
11.46	0.058006874
11.48	0.057815312
11.5	0.057624722
11.52	0.057435093
11.54	0.057246462
11.56	0.057058796
11.58	0.056872076
11.6	0.056686225
11.62	0.056501334
11.64	0.056317387
11.66	0.056134349
11.68	0.055952278
11.7	0.055771167
11.72	0.05559108
11.74	0.055412014
11.76	0.055233997
11.78	0.055056998
11.8	0.054880985
11.82	0.054705942
11.84	0.05453185
11.86	0.054358746
11.88	0.054186634
11.9	0.054015449
11.92	0.053845191
11.94	0.053675809
11.96	0.053507347
11.98	0.0533398
12	0.053173164
12.02	0.053007392
12.04	0.052842569
12.06	0.052678658
12.08	0.052515623
12.1	0.052353491
12.12	0.052192258
12.14	0.052031867
12.16	0.051872364
12.18	0.051713797
12.2	0.051556147
12.22	0.051399456
12.24	0.051243691
12.26	0.051088882
12.28	0.050935073
12.3	0.050782258
12.32	0.05063043
12.34	0.050479653
12.36	0.050329933
12.38	0.050181229
12.4	0.05003356
12.42	0.049886929
12.44	0.049741359
12.46	0.049596835
12.48	0.049453376
12.5	0.049310968
12.52	0.049169603
12.54	0.049029299
12.56	0.048890088
12.58	0.048751894
12.6	0.048614673
12.62	0.048478396
12.64	0.048342999
12.66	0.04820848
12.68	0.048074754
12.7	0.047941797
12.72	0.047809607
12.74	0.047678179
12.76	0.047547503
12.78	0.047417554
12.8	0.047288363
12.82	0.047159904
12.84	0.047032141
12.86	0.046905082
12.88	0.046778739
12.9	0.046653095
12.92	0.04652814
12.94	0.046403896
12.96	0.046280365
12.98	0.046157542
13	0.046035409
13.02	0.04591393
13.04	0.045793115
13.06	0.045672957
13.08	0.045553457
13.1	0.045434584
13.12	0.045316352
13.14	0.045198747
13.16	0.045081755
13.18	0.044965353
13.2	0.044849538
13.22	0.044734296
13.24	0.044619635
13.26	0.044505553
13.28	0.044392025
13.3	0.044279054
13.32	0.044166634
13.34	0.044054756
13.36	0.043943391
13.38	0.043832546
13.4	0.043722205
13.42	0.043612366
13.44	0.043503008
13.46	0.043394124
13.48	0.04328572
13.5	0.043177793
13.52	0.043070325
13.54	0.042963317
13.56	0.042856761
13.58	0.04275065
13.6	0.042644969
13.62	0.042539712
13.64	0.04243488
13.66	0.042330477
13.68	0.042226495
13.7	0.042122934
13.72	0.042019799
13.74	0.041917084
13.76	0.041814789
13.78	0.041712905
13.8	0.041611441
13.82	0.041510397
13.84	0.041409769
13.86	0.041309539
13.88	0.041209716
13.9	0.041110292
13.92	0.041011268
13.94	0.040912656
13.96	0.040814444
13.98	0.040716636
14	0.040619235
14.02	0.040522228
14.04	0.040425591
14.06	0.040329334
14.08	0.04023344
14.1	0.040137918
14.12	0.040042763
14.14	0.039947976
14.16	0.039853555
14.18	0.039759493
14.2	0.039665791
14.22	0.039572443
14.24	0.039479453
14.26	0.039386823
14.28	0.039294543
14.3	0.039202624
14.32	0.039111058
14.34	0.039019855
14.36	0.038929006
14.38	0.038838514
14.4	0.03874837
14.42	0.038658581
14.44	0.038569133
14.46	0.03848003
14.48	0.038391271
14.5	0.038302853
14.52	0.038214772
14.54	0.03812703
14.56	0.038039624
14.58	0.037952553
14.6	0.037865817
14.62	0.037779416
14.64	0.037693345
14.66	0.037607601
14.68	0.037522182
14.7	0.037437079
14.72	0.037352295
14.74	0.03726783
14.76	0.037183686
14.78	0.037099858
14.8	0.037016335
14.82	0.036933116
14.84	0.036850201
14.86	0.036767591
14.88	0.036685284
14.9	0.036603276
14.92	0.036521555
14.94	0.036440121
14.96	0.036358963
14.98	0.036278083
15	0.036197475
15.02	0.036117127
15.04	0.036037036
15.06	0.035957199
15.08	0.035877605
15.1	0.035798249
15.12	0.035719122
15.14	0.035640222
15.16	0.03556155
15.18	0.035483099
15.2	0.035404873
15.22	0.035326863
15.24	0.035249063
15.26	0.035171477
15.28	0.035094097
15.3	0.035016922
15.32	0.034939952
15.34	0.034863195
15.36	0.034786645
15.38	0.034710303
15.4	0.034634159
15.42	0.034558213
15.44	0.034482462
15.46	0.03440691
15.48	0.034331557
15.5	0.034256395
15.52	0.034181423
15.54	0.034106637
15.56	0.034032034
15.58	0.033957607
15.6	0.033883347
15.62	0.033809269
15.64	0.033735367
15.66	0.033661641
15.68	0.033588089
15.7	0.033514706
15.72	0.033441493
15.74	0.033368447
15.76	0.033295574
15.78	0.03322287
15.8	0.03315034
15.82	0.033077978
15.84	0.033005782
15.86	0.032933757
15.88	0.032861896
15.9	0.032790196
15.92	0.032718654
15.94	0.032647275
15.96	0.032576056
15.98	0.032504995
16	0.032434091
16.02	0.032363344
16.04	0.032292755
16.06	0.032222317
16.08	0.032152026
16.1	0.032081884
16.12	0.032011896
16.14	0.031942053
16.16	0.031872355
16.18	0.031802804
16.2	0.031733397
16.22	0.031664133
16.24	0.031595013
16.26	0.031526035
16.28	0.031457198
16.3	0.031388508
16.32	0.031319959
16.34	0.031251553
16.36	0.031183287
16.38	0.031115158
16.4	0.031047168
16.42	0.030979312
16.44	0.030911593
16.46	0.030844011
16.48	0.030776564
16.5	0.030709254
16.52	0.030642081
16.54	0.030575043
16.56	0.030508144
16.58	0.030441381
16.6	0.030374754
16.62	0.030308272
16.64	0.03024193
16.66	0.030175731
16.68	0.030109672
16.7	0.030043752
16.72	0.029977979
16.74	0.029912355
16.76	0.029846875
16.78	0.029781542
16.8	0.029716353
16.82	0.02965131
16.84	0.029586418
16.86	0.029521675
16.88	0.029457079
16.9	0.029392634
16.92	0.029328341
16.94	0.029264202
16.96	0.029200216
16.98	0.029136389
17	0.029072718
17.02	0.029009206
17.04	0.028945851
17.06	0.028882658
17.08	0.028819626
17.1	0.028756759
17.12	0.028694055
17.14	0.028631515
17.16	0.02856914
17.18	0.028506928
17.2	0.028444884
17.22	0.028383004
17.24	0.02832129
17.26	0.028259743
17.28	0.028198363
17.3	0.02813715
17.32	0.028076102
17.34	0.028015222
17.36	0.027954511
17.38	0.027893973
17.4	0.027833607
17.42	0.027773415
17.44	0.027713394
17.46	0.027653546
17.48	0.027593873
17.5	0.027534375
17.52	0.027475051
17.54	0.027415902
17.56	0.027356931
17.58	0.027298137
17.6	0.027239521
17.62	0.027181082
17.64	0.02712282
17.66	0.027064737
17.68	0.027006831
17.7	0.026949103
17.72	0.02689155
17.74	0.026834171
17.76	0.026776966
17.78	0.026719933
17.8	0.026663074
17.82	0.026606386
17.84	0.026549871
17.86	0.02649353
17.88	0.026437363
17.9	0.026381366
17.92	0.026325538
17.94	0.026269878
17.96	0.026214386
17.98	0.026159061
18	0.026103902
18.02	0.026048908
18.04	0.025994081
18.06	0.025939418
18.08	0.025884917
18.1	0.025830578
18.12	0.025776398
18.14	0.025722378
18.16	0.025668515
18.18	0.025614808
18.2	0.025561257
18.22	0.025507862
18.24	0.025454622
18.26	0.025401535
18.28	0.025348602
18.3	0.025295821
18.32	0.025243192
18.34	0.025190715
18.36	0.025138389
18.38	0.025086212
18.4	0.025034186
18.42	0.02498231
18.44	0.024930582
18.46	0.024879005
18.48	0.024827577
18.5	0.024776296
18.52	0.024725161
18.54	0.024674174
18.56	0.024623334
18.58	0.024572641
18.6	0.024522094
18.62	0.024471692
18.64	0.024421437
18.66	0.024371326
18.68	0.024321361
18.7	0.024271541
18.72	0.024221865
18.74	0.024172333
18.76	0.024122944
18.78	0.024073699
18.8	0.024024598
18.82	0.023975642
18.84	0.023926828
18.86	0.023878158
18.88	0.023829631
18.9	0.023781248
18.92	0.023733008
18.94	0.023684912
18.96	0.023636959
18.98	0.02358915
19	0.023541483
19.02	0.023493958
19.04	0.023446576
19.06	0.023399336
19.08	0.023352239
19.1	0.023305285
19.12	0.023258473
19.14	0.023211802
19.16	0.023165272
19.18	0.023118884
19.2	0.023072638
19.22	0.023026533
19.24	0.022980567
19.26	0.022934742
19.28	0.022889058
19.3	0.022843512
19.32	0.022798106
19.34	0.022752841
19.36	0.022707714
19.38	0.022662727
19.4	0.02261788
19.42	0.022573172
19.44	0.022528603
19.46	0.022484172
19.48	0.022439879
19.5	0.022395722
19.52	0.022351701
19.54	0.022307816
19.56	0.022264066
19.58	0.022220453
19.6	0.022176974
19.62	0.02213363
19.64	0.02209042
19.66	0.022047343
19.68	0.0220044
19.7	0.021961591
19.72	0.021918913
19.74	0.021876369
19.76	0.021833956
19.78	0.021791674
19.8	0.021749524
19.82	0.021707505
19.84	0.021665615
19.86	0.021623855
19.88	0.021582224
19.9	0.021540722
19.92	0.021499348
19.94	0.021458103
19.96	0.021416985
19.98	0.021375995
20	0.021335132
