0.125
0.124990618
0.124981238
0.12497186
0.124962483
0.124953106
0.124943729
0.12493435
0.124924968
0.124915584
0.124906195
0.124896802
0.124887403
0.124877997
0.124868584
0.124859163
0.124849732
0.124840292
0.12483084
0.124821377
0.124811901
0.124802412
0.124792908
0.124783389
0.124773854
0.124764301
0.12475473
0.12474514
0.12473553
0.124725899
0.124716246
0.12470657
0.12469687
0.124687146
0.124677395
0.124667618
0.124657812
0.124647978
0.124638114
0.124628219
0.124618292
0.124608332
0.124598339
0.12458831
0.124578245
0.124568142
0.124558002
0.124547822
0.124537602
0.12452734
0.124517036
0.124506688
0.124496295
0.124485856
0.12447537
0.124464836
0.124454252
0.124443618
0.124432932
0.124422194
0.124411401
0.124400554
0.124389649
0.124378688
0.124367667
0.124356587
0.124345445
0.124334241
0.124322973
0.12431164
0.124300241
0.124288775
0.12427724
0.124265634
0.124253958
0.124242209
0.124230386
0.124218488
0.124206514
0.124194462
0.12418233
0.124170118
0.124157825
0.124145448
0.124132986
0.124120439
0.124107804
0.12409508
0.124082266
0.124069361
0.124056363
0.12404327
0.124030081
0.124016796
0.124003411
0.123989926
0.12397634
0.12396265
0.123948856
0.123934955
0.123920947
0.12390683
0.123892602
0.123878262
0.123863807
0.123849238
0.123834552
0.123819747
0.123804821
0.123789775
0.123774604
0.123759309
0.123743887
0.123728337
0.123712657
0.123696845
0.1236809
0.123664819
0.123648602
0.123632246
0.12361575
0.123599111
0.123582328
0.1235654
0.123548323
0.123531097
0.123513719
0.123496188
0.1234785
0.123460655
0.123442651
0.123424484
0.123406154
0.123387657
0.123368991
0.123350155
0.123331146
0.123311961
0.123292598
0.123273054
0.123253328
0.123233415
0.123213314
0.123193022
0.123172536
0.123151852
0.123130968
0.123109881
0.123088587
0.123067083
0.123045366
0.123023431
0.123001276
0.122978897
0.122956288
0.122933448
0.12291037
0.122887051
0.122863486
0.122839671
0.1228156
0.122791268
0.12276667
0.1227418
0.122716652
0.122691221
0.122665499
0.122639481
0.122613159
0.122586526
0.122559575
0.122532297
0.122504685
0.122476729
0.122448421
0.12241975
0.122390706
0.122361279
0.122331458
0.122301232
0.122270587
0.122239512
0.122207993
0.122176015
0.122143565
0.122110628
0.122077188
0.122043228
0.122008732
0.121973683
0.121938064
0.121901856
0.121865041
0.121827598
0.121789508
0.121750751
0.121711308
0.121671159
0.121630279
0.121588647
0.121546244
0.121503048
0.12145904
0.121414198
0.121368495
0.121321913
0.121274423
0.121226007
0.121176639
0.121126299
0.121074962
0.121022599
0.120969193
0.120914718
0.120859149
0.120802466
0.120744656
0.120685731
0.120625638
0.120564377
0.120501971
0.120438431
0.120373744
0.120307903
0.120240904
0.120172812
0.120103636
0.120033377
0.119962065
0.119889746
0.119816436
0.119742147
0.119666894
0.119590653
0.119513463
0.119435343
0.119356303
0.119276364
0.119195554
0.119113888
0.119031391
0.11894809
0.118864021
0.118779198
0.118693624
0.118607326
0.118520312
0.118432585
0.118344167
0.118255063
0.118165271
0.118074808
0.117983688
0.117891914
0.117799511
0.117706479
0.117612847
0.117518617
0.117423801
0.117328414
0.117232485
0.117136004
0.117038975
0.116941436
0.116843396
0.116744865
0.116645863
0.11654641
0.116446505
0.116346156
0.116245372
0.11614417
0.116042532
0.115940499
0.115838046
0.115735188
0.115631936
0.11552828
0.115424235
0.115319774
0.115214932
0.115109681
0.115004033
0.114897981
0.114791442
0.114684455
0.114577011
0.114469089
0.114360682
0.114251769
0.114142333
0.114032375
0.11392191
0.113810917
0.11369936
0.113587252
0.113474567
0.113361321
0.113247488
0.113133046
0.113017993
0.112902308
0.112785955
0.112668966
0.112551299
0.112432927
0.11231384
0.112194016
0.112073454
0.11195215
0.111830064
0.111707181
0.111583506
0.111459041
0.111333761
0.111207645
0.111080677
0.110952858
0.11082416
0.11069456
0.110564038
0.110432601
0.110300219
0.110166893
0.110032594
0.10989729
0.109760993
0.109623697
0.109485381
0.109346088
0.109205757
0.109064438
0.108922152
0.108778929
0.108634864
0.108489992
0.108344403
0.108198114
0.108051194
0.107903722
0.107755739
0.107607216
0.107458181
0.107308674
0.107158765
0.107008396
0.106857609
0.106706375
0.106554641
0.106402405
0.106249527
0.106096095
0.105941992
0.105787127
0.105631372
0.10547473
0.105317112
0.105158442
0.104998657
0.104837669
0.104675477
0.104511982
0.104347165
0.104181003
0.104013504
0.103844547
0.10367409
0.103502299
0.103329167
0.103154719
0.102978974
0.102801994
0.102623798
0.102444509
0.102264185
0.10208287
0.101900651
0.101717495
0.101533592
0.101348889
0.101163366
0.100976815
0.100789436
0.100600944
0.100411413
0.100220734
0.100028963
0.099836027
0.099641905
0.099446481
0.099249738
0.099051642
0.098852098
0.098651154
0.098448796
0.098244846
0.098039252
0.097831991
0.097622997
0.097412396
0.097200033
0.096986097
0.096770632
0.096553396
0.096334474
0.096114022
0.095892185
0.095668986
0.095444343
0.095218407
0.094991283
0.094763047
0.094533802
0.0943038
0.094073307
0.093842305
0.093610903
0.093379175
0.093147008
0.092914479
0.092681374
0.09244766
0.09221308
0.0919777
0.091741557
0.091504375
0.091266014
0.091026585
0.090786515
0.090546047
0.090305374
0.0900645
0.089823504
0.089582089
0.089340147
0.08909776
0.088854889
0.088611481
0.088367373
0.088122783
0.087878122
0.087633148
0.087388095
0.087143181
0.086898148
0.086652923
0.086407262
0.086161188
0.085914502
0.085667456
0.085420438
0.085173356
0.084926636
0.084680107
0.084434136
0.084189338
0.08394544
0.083702558
0.083461123
0.083220912
0.082981804
0.082744151
0.08250759
0.08227206
0.082037576
0.081804079
0.081571572
0.081339943
0.081109392
0.080879544
0.080650244
0.080421773
0.080193828
0.079966466
0.079739464
0.079512713
0.079286325
0.079060181
0.078834267
0.078608422
0.078382676
0.07815691
0.077931305
0.077705659
0.077479925
0.077254108
0.077028054
0.076802026
0.076575841
0.076349604
0.076123213
0.075896757
0.075670183
0.075443477
0.075216588
0.07498945
0.074762186
0.074534712
0.074307179
0.074079587
0.073851905
0.073624244
0.073396565
0.073168897
0.072941273
0.072713787
0.072486445
0.072259291
0.072032233
0.071805199
0.071578285
0.071351497
0.071124811
0.070898185
0.070671622
0.070445072
0.070218521
0.069992019
0.069765585
0.06953913
0.069312851
0.069086679
0.068860654
0.068634723
0.068408974
0.068183372
0.067957809
0.067732398
0.067507032
0.067281843
0.06705675
0.066831825
0.066607045
0.066382427
0.066158212
0.065934391
0.065711058
0.065488379
0.065266367
0.065045038
0.064824503
0.064604744
0.064385798
0.064167807
0.063950807
0.063734756
0.063519703
0.063305655
0.06309247
0.062880149
0.062668533
0.062457458
0.062247092
0.06203732
0.0618282
0.061619472
0.0614113
0.061203861
0.060997125
0.060791207
0.060586091
0.060381816
0.060178463
0.059976047
0.059774629
0.059574199
0.059374804
0.059176461
0.058979103
0.058782702
0.058587303
0.058392838
0.058199361
0.058006874
0.057815312
0.057624722
0.057435093
0.057246462
0.057058796
0.056872076
0.056686225
0.056501334
0.056317387
0.056134349
0.055952278
0.055771167
0.05559108
0.055412014
0.055233997
0.055056998
0.054880985
0.054705942
0.05453185
0.054358746
0.054186634
0.054015449
0.053845191
0.053675809
0.053507347
0.0533398
0.053173164
0.053007392
0.052842569
0.052678658
0.052515623
0.052353491
0.052192258
0.052031867
0.051872364
0.051713797
0.051556147
0.051399456
0.051243691
0.051088882
0.050935073
0.050782258
0.05063043
0.050479653
0.050329933
0.050181229
0.05003356
0.049886929
0.049741359
0.049596835
0.049453376
0.049310968
0.049169603
0.049029299
0.048890088
0.048751894
0.048614673
0.048478396
0.048342999
0.04820848
0.048074754
0.047941797
0.047809607
0.047678179
0.047547503
0.047417554
0.047288363
0.047159904
0.047032141
0.046905082
0.046778739
0.046653095
0.04652814
0.046403896
0.046280365
0.046157542
0.046035409
0.04591393
0.045793115
0.045672957
0.045553457
0.045434584
0.045316352
0.045198747
0.045081755
0.044965353
0.044849538
0.044734296
0.044619635
0.044505553
0.044392025
0.044279054
0.044166634
0.044054756
0.043943391
0.043832546
0.043722205
0.043612366
0.043503008
0.043394124
0.04328572
0.043177793
0.043070325
0.042963317
0.042856761
0.04275065
0.042644969
0.042539712
0.04243488
0.042330477
0.042226495
0.042122934
0.042019799
0.041917084
0.041814789
0.041712905
0.041611441
0.041510397
0.041409769
0.041309539
0.041209716
0.041110292
0.041011268
0.040912656
0.040814444
0.040716636
0.040619235
0.040522228
0.040425591
0.040329334
0.04023344
0.040137918
0.040042763
0.039947976
0.039853555
0.039759493
0.039665791
0.039572443
0.039479453
0.039386823
0.039294543
0.039202624
0.039111058
0.039019855
0.038929006
0.038838514
0.03874837
0.038658581
0.038569133
0.03848003
0.038391271
0.038302853
0.038214772
0.03812703
0.038039624
0.037952553
0.037865817
0.037779416
0.037693345
0.037607601
0.037522182
0.037437079
0.037352295
0.03726783
0.037183686
0.037099858
0.037016335
0.036933116
0.036850201
0.036767591
0.036685284
0.036603276
0.036521555
0.036440121
0.036358963
0.036278083
0.036197475
0.036117127
0.036037036
0.035957199
0.035877605
0.035798249
0.035719122
0.035640222
0.03556155
0.035483099
0.035404873
0.035326863
0.035249063
0.035171477
0.035094097
0.035016922
0.034939952
0.034863195
0.034786645
0.034710303
0.034634159
0.034558213
0.034482462
0.03440691
0.034331557
0.034256395
0.034181423
0.034106637
0.034032034
0.033957607
0.033883347
0.033809269
0.033735367
0.033661641
0.033588089
0.033514706
0.033441493
0.033368447
0.033295574
0.03322287
0.03315034
0.033077978
0.033005782
0.032933757
0.032861896
0.032790196
0.032718654
0.032647275
0.032576056
0.032504995
0.032434091
0.032363344
0.032292755
0.032222317
0.032152026
0.032081884
0.032011896
0.031942053
0.031872355
0.031802804
0.031733397
0.031664133
0.031595013
0.031526035
0.031457198
0.031388508
0.031319959
0.031251553
0.031183287
0.031115158
0.031047168
0.030979312
0.030911593
0.030844011
0.030776564
0.030709254
0.030642081
0.030575043
0.030508144
0.030441381
0.030374754
0.030308272
0.03024193
0.030175731
0.030109672
0.030043752
0.029977979
0.029912355
0.029846875
0.029781542
0.029716353
0.02965131
0.029586418
0.029521675
0.029457079
0.029392634
0.029328341
0.029264202
0.029200216
0.029136389
0.029072718
0.029009206
0.028945851
0.028882658
0.028819626
0.028756759
0.028694055
0.028631515
0.02856914
0.028506928
0.028444884
0.028383004
0.02832129
0.028259743
0.028198363
0.02813715
0.028076102
0.028015222
0.027954511
0.027893973
0.027833607
0.027773415
0.027713394
0.027653546
0.027593873
0.027534375
0.027475051
0.027415902
0.027356931
0.027298137
0.027239521
0.027181082
0.02712282
0.027064737
0.027006831
0.026949103
0.02689155
0.026834171
0.026776966
0.026719933
0.026663074
0.026606386
0.026549871
0.02649353
0.026437363
0.026381366
0.026325538
0.026269878
0.026214386
0.026159061
0.026103902
0.026048908
0.025994081
0.025939418
0.025884917
0.025830578
0.025776398
0.025722378
0.025668515
0.025614808
0.025561257
0.025507862
0.025454622
0.025401535
0.025348602
0.025295821
0.025243192
0.025190715
0.025138389
0.025086212
0.025034186
0.02498231
0.024930582
0.024879005
0.024827577
0.024776296
0.024725161
0.024674174
0.024623334
0.024572641
0.024522094
0.024471692
0.024421437
0.024371326
0.024321361
0.024271541
0.024221865
0.024172333
0.024122944
0.024073699
0.024024598
0.023975642
0.023926828
0.023878158
0.023829631
0.023781248
0.023733008
0.023684912
0.023636959
0.02358915
0.023541483
0.023493958
0.023446576
0.023399336
0.023352239
0.023305285
0.023258473
0.023211802
0.023165272
0.023118884
0.023072638
0.023026533
0.022980567
0.022934742
0.022889058
0.022843512
0.022798106
0.022752841
0.022707714
0.022662727
0.02261788
0.022573172
0.022528603
0.022484172
0.022439879
0.022395722
0.022351701
0.022307816
0.022264066
0.022220453
0.022176974
0.02213363
0.02209042
0.022047343
0.0220044
0.021961591
0.021918913
0.021876369
0.021833956
0.021791674
0.021749524
0.021707505
0.021665615
0.021623855
0.021582224
0.021540722
0.021499348
0.021458103
0.021416985
0.021375995
0.021335132