0.125 248.05 0
0.1249871444666783 248.0502134423988 0.02
0.1249763771143758 248.0502134423988 0.04
0.12496630500374 248.0502134423988 0.06
0.1249564631288145 248.0502134423988 0.08
0.1249466959592065 248.0502134423988 0.1
0.124936951128484 248.0502134423988 0.12
0.1249272106498924 248.0502134423988 0.14
0.1249174679889536 248.0502134423988 0.16
0.1249077204237622 248.0502134423988 0.18
0.1248979665001129 248.0502134423988 0.2
0.1248882051839337 248.0502134423988 0.22
0.1248784355789589 248.0502134423988 0.24
0.1248686568325732 248.0502134423988 0.26
0.1248588681042755 248.0502134423988 0.28
0.1248490685549778 248.0502134423988 0.3
0.1248392573432349 248.0502134423988 0.32
0.12482943362378 248.0502134423988 0.34
0.124819596546832 248.0502134423988 0.36
0.12480974525766 248.0502134423988 0.3800000000000001
0.1247998788962378 248.0502134423988 0.4000000000000001
0.1247899965969314 248.0502134423988 0.4200000000000001
0.1247800974882009 248.0502134423988 0.4400000000000001
0.1247701806923099 248.0502134423988 0.4600000000000001
0.1247602453250424 248.0502134423988 0.4800000000000001
0.1247502904954243 248.0502134423988 0.5000000000000001
0.1247403153054508 248.0502134423988 0.5200000000000001
0.1247303188498186 248.0502134423988 0.5400000000000001
0.1247203002156649 248.0502134423988 0.5600000000000002
0.1247102584823095 248.0502134423988 0.5800000000000002
0.1247001927210045 248.0502134423988 0.6000000000000002
0.1246901019946877 248.0502134423988 0.6200000000000002
0.1246799853577421 248.0502134423988 0.6400000000000002
0.1246698418557602 248.0502134423988 0.6600000000000003
0.124659670525314 248.0502134423988 0.6800000000000003
0.1246494703937292 248.0502134423988 0.7000000000000003
0.1246392404788651 248.0502134423988 0.7200000000000003
0.1246289797888989 248.0502134423988 0.7400000000000003
0.1246186873221153 248.0502134423988 0.7600000000000003
0.1246083620667003 248.0502134423988 0.7800000000000004
0.1245980030005394 248.0502134423988 0.8000000000000004
0.1245876090910206 248.0502134423988 0.8200000000000004
0.1245771792948414 248.0502134423988 0.8400000000000004
0.1245667125578202 248.0502134423988 0.8600000000000004
0.1245562078147106 248.0502134423988 0.8800000000000004
0.1245456639890213 248.0502134423988 0.9000000000000005
0.1245350799928375 248.0502134423988 0.9200000000000005
0.1245244547266476 248.0502134423988 0.9400000000000005
0.124513787079172 248.0502134423988 0.9600000000000005
0.1245030759271955 248.0502134423988 0.9800000000000005
0.1244923201354026 248.0502134423988 1
0.1244815185562155 248.0502134423988 1.02
0.1244706700296348 248.0502134423988 1.04
0.1244597733830828 248.0502134423988 1.06
0.1244488274312485 248.0502134423988 1.080000000000001
0.1244378309759358 248.0502134423988 1.100000000000001
0.1244267828059121 248.0502134423988 1.120000000000001
0.1244156816967606 248.0502134423988 1.140000000000001
0.1244045264107324 248.0502134423988 1.160000000000001
0.1243933156966017 248.0502134423988 1.180000000000001
0.124382048289521 248.0502134423988 1.200000000000001
0.1243707229108782 248.0502134423988 1.220000000000001
0.1243593382681549 248.0502134423988 1.240000000000001
0.1243478930547851 248.0502134423988 1.260000000000001
0.1243363859500146 248.0502134423988 1.280000000000001
0.1243248156187619 248.0502134423988 1.300000000000001
0.1243131807114785 248.0502134423988 1.320000000000001
0.12430147986401 248.0502134423988 1.340000000000001
0.1242897116974576 248.0502134423988 1.360000000000001
0.1242778748180396 248.0502134423988 1.380000000000001
0.1242659678169525 248.0502134423988 1.400000000000001
0.1242539892702321 248.0502134423988 1.420000000000001
0.124241937738615 248.0502134423988 1.440000000000001
0.1242298117673986 248.0502134423988 1.460000000000001
0.1242176098863012 248.0502134423988 1.480000000000001
0.1242053306093217 248.0502134423988 1.500000000000001
0.124192972434598 248.0502134423988 1.520000000000001
0.1241805338442647 248.0502134423988 1.540000000000001
0.1241680133043106 248.0502134423988 1.560000000000001
0.124155409264434 248.0502134423988 1.580000000000001
0.1241427201578979 248.0502134423988 1.600000000000001
0.1241299444013834 248.0502134423988 1.620000000000001
0.1241170803948421 248.0502134423988 1.640000000000001
0.1241041265213473 248.0502134423988 1.660000000000001
0.1240910811469431 248.0502134423988 1.680000000000001
0.1240779426204926 248.0502134423988 1.700000000000001
0.1240647092735248 248.0502134423988 1.720000000000001
0.1240513794200787 248.0502134423988 1.740000000000001
0.1240379513565469 248.0502134423988 1.760000000000001
0.1240244233615169 248.0502134423988 1.780000000000001
0.1240107936956102 248.0502134423988 1.800000000000001
0.1239970606013201 248.0502134423988 1.820000000000001
0.1239832223028469 248.0502134423988 1.840000000000001
0.1239692770059315 248.0502134423988 1.860000000000001
0.1239552228976862 248.0502134423988 1.880000000000001
0.1239410581464232 248.0502134423988 1.900000000000001
0.1239267809014811 248.0502134423988 1.920000000000001
0.1239123892930478 248.0502134423988 1.940000000000001
0.1238978814319811 248.0502134423988 1.960000000000001
0.123883255409626 248.0502134423988 1.980000000000001
0.123868509297628 248.0502134423988 2.000000000000001
0.1238536411477433 248.0502134423988 2.020000000000001
0.1238386489916446 248.0502134423988 2.040000000000001
0.1238235308407216 248.0502134423988 2.060000000000001
0.1238082846858776 248.0502134423988 2.080000000000001
0.1237929084973188 248.0502134423988 2.100000000000001
0.1237774002243387 248.0502134423988 2.120000000000001
0.1237617577950943 248.0502134423988 2.140000000000001
0.1237459791163748 248.0502134423988 2.160000000000001
0.1237300620733615 248.0502134423988 2.180000000000001
0.1237140045293771 248.0502134423988 2.200000000000002
0.1236978043256248 248.0502134423988 2.220000000000002
0.1236814592809141 248.0502134423988 2.240000000000002
0.1236649671913735 248.0502134423988 2.260000000000002
0.1236483258301475 248.0502134423988 2.280000000000002
0.1236315329470763 248.0502134423988 2.300000000000002
0.1236145862683574 248.0502134423988 2.320000000000002
0.1235974834961851 248.0502134423988 2.340000000000002
0.1235802223083681 248.0502134423988 2.360000000000002
0.1235628003579204 248.0502134423988 2.380000000000002
0.123545215272625 248.0502134423988 2.400000000000002
0.1235274646545663 248.0502134423988 2.420000000000002
0.1235095460796286 248.0502134423988 2.440000000000002
0.1234914570969578 248.0502134423988 2.460000000000002
0.1234731952283823 248.0502134423988 2.480000000000002
0.1234547579677896 248.0502134423988 2.500000000000002
0.123436142780455 248.0502134423988 2.520000000000002
0.1234173471023172 248.0502134423988 2.540000000000002
0.1233983683391974 248.0502134423988 2.560000000000002
0.1233792038659562 248.0502134423988 2.580000000000002
0.1233598510255836 248.0502134423988 2.600000000000002
0.1233403071282156 248.0502134423988 2.620000000000002
0.1233205694500731 248.0502134423988 2.640000000000002
0.1233006352323154 248.0502134423988 2.660000000000002
0.1232805016798016 248.0502134423988 2.680000000000002
0.1232601659597541 248.0502134423988 2.700000000000002
0.1232396252003147 248.0502134423988 2.720000000000002
0.1232188764889863 248.0502134423988 2.740000000000002
0.1231979168709514 248.0502134423988 2.760000000000002
0.1231767433472583 248.0502134423988 2.780000000000002
0.1231553528728642 248.0502134423988 2.800000000000002
0.1231337423545265 248.0502134423988 2.820000000000002
0.1231119086485304 248.0502134423988 2.840000000000002
0.1230898485582402 248.0502134423988 2.860000000000002
0.1230675588314643 248.0502134423988 2.880000000000002
0.1230450361576187 248.0502134423988 2.900000000000002
0.1230222771646761 248.0502134423988 2.920000000000002
0.1229992784158863 248.0502134423988 2.940000000000002
0.1229760364062519 248.0502134423988 2.960000000000002
0.1229525475587438 248.0502134423988 2.980000000000002
0.1229288082202383 248.0502134423988 3.000000000000002
0.1229048146571597 248.0502134423988 3.020000000000002
0.1228805630508073 248.0502134423988 3.040000000000002
0.122856049492349 248.0502134423988 3.060000000000002
0.1228312699774594 248.0502134423988 3.080000000000002
0.1228062204005809 248.0502134423988 3.100000000000002
0.1227808965487856 248.0502134423988 3.120000000000002
0.1227552940952141 248.0502134423988 3.140000000000002
0.1227294085920657 248.0502134423988 3.160000000000002
0.1227032354631165 248.0502134423988 3.180000000000002
0.1226767699957382 248.0502134423988 3.200000000000002
0.122650007332392 248.0502134423988 3.220000000000002
0.1226229424615711 248.0502134423988 3.240000000000002
0.1225955702081664 248.0502134423988 3.260000000000002
0.1225678852232315 248.0502134423988 3.280000000000002
0.1225398819731229 248.0502134423988 3.300000000000002
0.1225115547279983 248.0502134423988 3.320000000000003
0.1224828975496561 248.0502134423988 3.340000000000003
0.1224539042787087 248.0502134423988 3.360000000000003
0.1224245685210888 248.0502134423988 3.380000000000003
0.1223948836338978 248.0502134423988 3.400000000000003
0.1223648427106194 248.0502134423988 3.420000000000003
0.1223344385657373 248.0502134423988 3.440000000000003
0.1223036637188145 248.0502134423988 3.460000000000003
0.1222725103781129 248.0502134423988 3.480000000000003
0.122240970423859 248.0502134423988 3.500000000000003
0.1222090353912864 248.0502134423988 3.520000000000003
0.1221766964536174 248.0502134423988 3.540000000000003
0.1221439444051791 248.0502134423988 3.560000000000003
0.1221107696448776 248.0502134423988 3.580000000000003
0.1220771621602912 248.0502134423988 3.600000000000003
0.1220431115126694 248.0502134423988 3.620000000000003
0.1220086068231568 248.0502134423988 3.640000000000003
0.1219736367605816 248.0502134423988 3.660000000000003
0.1219381895311714 248.0502134423988 3.680000000000003
0.1219022528705665 248.0502134423988 3.700000000000003
0.1218658140385091 248.0502134423988 3.720000000000003
0.1218288598165763 248.0502134423988 3.740000000000003
0.1217913765093078 248.0502134423988 3.760000000000003
0.1217533499490486 248.0502134423988 3.780000000000003
0.1217147655047768 248.0502134423988 3.800000000000003
0.1216756080951225 248.0502134423988 3.820000000000003
0.121635862205699 248.0502134423988 3.840000000000003
0.1215955119107628 248.0502134423988 3.860000000000003
0.1215545408990913 248.0502134423988 3.880000000000003
0.1215129325038205 248.0502134423988 3.900000000000003
0.1214706697358168 248.0502134423988 3.920000000000003
0.1214277353199724 248.0502134423988 3.940000000000003
0.1213841117336163 248.0502134423988 3.960000000000003
0.1213397812460215 248.0502134423988 3.980000000000003
0.1212947259577875 248.0502134423988 4.000000000000003
0.1212489278386888 248.0502134423988 4.020000000000002
0.121202368762431 248.0502134423988 4.040000000000002
0.1211550305366655 248.0502134423988 4.060000000000001
0.1211068949265723 248.0502134423988 4.080000000000001
0.1210579436703562 248.0502134423988 4.100000000000001
0.1210081584851266 248.0502134423988 4.12
0.1209575210619535 248.0502134423988 4.14
0.1209060130495311 248.0502134423988 4.159999999999999
0.1208536160269815 248.0502134423988 4.179999999999999
0.1208003114678932 248.0502134423988 4.199999999999998
0.1207460806994582 248.0502134423988 4.219999999999998
0.1206909048621799 248.0502134423988 4.239999999999998
0.12063476487696 248.0502134423988 4.259999999999997
0.1205776414277445 248.0502134423988 4.279999999999997
0.1205195149698529 248.0502134423988 4.299999999999996
0.1204603657768933 248.0502134423988 4.319999999999996
0.1204001740424064 248.0502134423988 4.339999999999995
0.1203389200540441 248.0502134423988 4.359999999999995
0.1202765844542249 248.0502134423988 4.379999999999995
0.1202131485886721 248.0502134423988 4.399999999999994
0.1201485949250381 248.0502134423988 4.419999999999994
0.1200829075045862 248.0502134423988 4.439999999999993
0.1200160723771768 248.0502134423988 4.459999999999993
0.1199480779677731 248.0502134423988 4.479999999999992
0.1198789153317618 248.0502134423988 4.499999999999992
0.119808578272288 248.0502134423988 4.519999999999992
0.1197370633135105 248.0502134423988 4.539999999999991
0.1196643695535871 248.0502134423988 4.559999999999991
0.1195904984619156 248.0502134423988 4.57999999999999
0.119515453720151 248.0502134423988 4.59999999999999
0.1194392412026957 248.0502134423988 4.619999999999989
0.1193618691335624 248.0502134423988 4.639999999999989
0.1192833483670546 248.0502134423988 4.659999999999989
0.1192036926640999 248.0502134423988 4.679999999999988
0.1191229188305338 248.0502134423988 4.699999999999988
0.1190410465919028 248.0502134423988 4.719999999999987
0.1189580981229841 248.0502134423988 4.739999999999987
0.118874097289343 248.0502134423988 4.759999999999986
0.1187890687584933 248.0502134423988 4.779999999999986
0.11870303717476 248.0502134423988 4.799999999999986
0.1186160266076534 248.0502134423988 4.819999999999985
0.1185280604351108 248.0502134423988 4.839999999999985
0.1184391616079503 248.0502134423988 4.859999999999984
0.1183493531276531 248.0502134423988 4.879999999999984
0.1182586585497783 248.0502134423988 4.899999999999983
0.1181671023335926 248.0502134423988 4.919999999999983
0.1180747099264439 248.0502134423988 4.939999999999983
0.1179815075592026 248.0502134423988 4.959999999999982
0.117887521802973 248.0502134423988 4.979999999999982
0.1177927789969124 248.0502134423988 4.999999999999981
0.1176973046822117 248.0502134423988 5.019999999999981
0.1176011231597452 248.0502134423988 5.03999999999998
0.1175042572341558 248.0502134423988 5.05999999999998
0.1174067281490429 248.0502134423988 5.07999999999998
0.1173085556724574 248.0502134423988 5.099999999999979
0.1172097582661231 248.0502134423988 5.119999999999979
0.1171103532794928 248.0502134423988 5.139999999999978
0.1170103571241717 248.0502134423988 5.159999999999978
0.1169097853984145 248.0502134423988 5.179999999999978
0.116808652956357 248.0502134423988 5.199999999999977
0.1167069739380617 248.0502134423988 5.219999999999977
0.1166047617741604 248.0502134423988 5.239999999999976
0.1165020291826103 248.0502134423988 5.259999999999976
0.1163987881504655 248.0502134423988 5.279999999999975
0.1162950498867584 248.0502134423988 5.299999999999975
0.1161908247496306 248.0502134423988 5.319999999999975
0.1160861221496142 248.0502134423988 5.339999999999974
0.1159809504421265 248.0502134423988 5.359999999999974
0.1158753168276341 248.0502134423988 5.379999999999973
0.1157692272607664 248.0502134423988 5.399999999999973
0.1156626863774811 248.0502134423988 5.419999999999972
0.1155556974516504 248.0502134423988 5.439999999999972
0.1154482623780362 248.0502134423988 5.459999999999972
0.1153403816733096 248.0502134423988 5.479999999999971
0.1152320544915724 248.0502134423988 5.499999999999971
0.1151232786514595 248.0502134423988 5.51999999999997
0.1150140506735581 248.0502134423988 5.53999999999997
0.1149043658281394 248.0502134423988 5.559999999999969
0.1147942181886107 248.0502134423988 5.579999999999969
0.1146836006831637 248.0502134423988 5.599999999999969
0.1145725051375932 248.0502134423988 5.619999999999968
0.1144609223100155 248.0502134423988 5.639999999999968
0.114348841929514 248.0502134423988 5.659999999999967
0.1142362527401127 248.0502134423988 5.679999999999967
0.1141231425495644 248.0502134423988 5.699999999999966
0.1140094982890654 248.0502134423988 5.719999999999966
0.1138953060871816 248.0502134423988 5.739999999999966
0.1137805513503693 248.0502134423988 5.759999999999965
0.113665218851289 248.0502134423988 5.779999999999965
0.1135492928321736 248.0502134423988 5.799999999999964
0.113432757116919 248.0502134423988 5.819999999999964
0.1133155952352135 248.0502134423988 5.839999999999963
0.1131977905763825 248.0502134423988 5.859999999999963
0.1130793265705005 248.0502134423988 5.879999999999963
0.1129601868875772 248.0502134423988 5.899999999999962
0.1128403556628279 248.0502134423988 5.919999999999962
0.1127198177443695 248.0502134423988 5.939999999999961
0.1125985589318009 248.0502134423988 5.959999999999961
0.1124765661927922 248.0502134423988 5.97999999999996
0.1123538278667374 248.0502134423988 5.99999999999996
0.1122303338501242 248.0502134423988 6.01999999999996
0.1121060757542769 248.0502134423988 6.039999999999959
0.1119810470272799 248.0502134423988 6.059999999999959
0.1118552430325769 248.0502134423988 6.079999999999958
0.1117286610804113 248.0502134423988 6.099999999999958
0.1116013004024437 248.0502134423988 6.119999999999957
0.1114731620447315 248.0502134423988 6.139999999999957
0.1113442486564287 248.0502134423988 6.159999999999957
0.1112145641874671 248.0502134423988 6.179999999999956
0.1110841135544425 248.0502134423988 6.199999999999956
0.1109529023408809 248.0502134423988 6.219999999999955
0.1108209365689629 248.0502134423988 6.239999999999955
0.1106882225494985 248.0502134423988 6.259999999999954
0.1105547667857921 248.0502134423988 6.279999999999954
0.1104205758839459 248.0502134423988 6.299999999999954
0.1102856564296994 248.0502134423988 6.319999999999953
0.1101500148122179 248.0502134423988 6.339999999999953
0.1100136569966624 248.0502134423988 6.359999999999952
0.1098765882657479 248.0502134423988 6.379999999999952
0.1097388129536694 248.0502134423988 6.399999999999952
0.1096003341926241 248.0502134423988 6.419999999999951
0.109461153687521 248.0502134423988 6.439999999999951
0.1093212715341869 248.0502134423988 6.45999999999995
0.1091806861052123 248.0502134423988 6.47999999999995
0.1090393940405898 248.0502134423988 6.499999999999949
0.1088973903851472 248.0502134423988 6.519999999999949
0.1087546688646194 248.0502134423988 6.539999999999949
0.1086112222459613 248.0502134423988 6.559999999999948
0.1084670427452003 248.0502134423988 6.579999999999948
0.1083221224618006 248.0502134423988 6.599999999999947
0.1081764538550847 248.0502134423988 6.619999999999947
0.1080300302881492 248.0502134423988 6.639999999999946
0.1078828466662394 248.0502134423988 6.659999999999946
0.1077349001027074 248.0502134423988 6.679999999999946
0.107586190535883 248.0502134423988 6.699999999999945
0.1074367212179553 248.0502134423988 6.719999999999945
0.107286498978377 248.0502134423988 6.739999999999944
0.1071355341754386 248.0502134423988 6.759999999999944
0.1069838403200531 248.0502134423988 6.779999999999943
0.106831433423058 248.0502134423988 6.799999999999943
0.1066783311404187 248.0502134423988 6.819999999999943
0.1065245517926416 248.0502134423988 6.839999999999942
0.1063701133543258 248.0502134423988 6.859999999999942
0.1062150325066773 248.0502134423988 6.879999999999941
0.1060593238146865 248.0502134423988 6.899999999999941
0.105902999073953 248.0502134423988 6.91999999999994
0.1057460668724544 248.0502134423988 6.93999999999994
0.1055885323671223 248.0502134423988 6.95999999999994
0.1054303972011819 248.0502134423988 6.979999999999939
0.105271659489422 248.0502134423988 6.999999999999939
0.1051123138088435 248.0502134423988 7.019999999999938
0.1049523511361757 248.0502134423988 7.039999999999938
0.1047917587616826 248.0502134423988 7.059999999999937
0.1046305202586583 248.0502134423988 7.079999999999937
0.1044686155494396 248.0502134423988 7.099999999999937
0.1043060210754375 248.0502134423988 7.119999999999936
0.1041427100510682 248.0502134423988 7.139999999999936
0.1039786527281531 248.0502134423988 7.159999999999935
0.1038138165527919 248.0502134423988 7.179999999999935
0.1036481661565369 248.0502134423988 7.199999999999934
0.103481663222918 248.0502134423988 7.219999999999934
0.1033142662605718 248.0502134423988 7.239999999999934
0.1031459303325186 248.0502134423988 7.259999999999933
0.1029766068869063 248.0502134423988 7.279999999999933
0.1028062437867213 248.0502134423988 7.299999999999932
0.1026347854851285 248.0502134423988 7.319999999999932
0.1024621733005934 248.0502134423988 7.339999999999931
0.102288345852477 248.0502134423988 7.359999999999931
0.1021132397280847 248.0502134423988 7.379999999999931
0.1019367902806637 248.0502134423988 7.39999999999993
0.10175893244229 248.0502134423988 7.41999999999993
0.1015796016550028 248.0502134423988 7.439999999999929
0.1013987349209682 248.0502134423988 7.459999999999929
0.1012162718491821 248.0502134423988 7.479999999999928
0.1010321557334043 248.0502134423988 7.499999999999928
0.1008463348845431 248.0502134423988 7.519999999999928
0.1006587643245578 248.0502134423988 7.539999999999927
0.1004694075598686 248.0502134423988 7.559999999999927
0.1002782379238781 248.0502134423988 7.579999999999926
0.1000852392567284 248.0502134423988 7.599999999999926
0.09989040605409488 248.0502134423988 7.619999999999925
0.0996937433470452 248.0502134423988 7.639999999999925
0.09949526649796368 248.0502134423988 7.659999999999925
0.09929500077724218 248.0502134423988 7.679999999999924
0.09909298050842415 248.0502134423988 7.699999999999924
0.09888924767626701 248.0502134423988 7.719999999999923
0.09868385007098122 248.0502134423988 7.739999999999923
0.0984768393381663 248.0502134423988 7.759999999999923
0.09826826900816218 248.0502134423988 7.779999999999922
0.09805819226249619 248.0502134423988 7.799999999999922
0.09784665940555884 248.0502134423988 7.819999999999921
0.09763371538653591 248.0502134423988 7.839999999999921
0.09741939792023105 248.0502134423988 7.85999999999992
0.09720373655386245 248.0502134423988 7.87999999999992
0.09698675255354813 248.0502134423988 7.89999999999992
0.09676845929703741 248.0502134423988 7.919999999999919
0.09654886290653006 248.0502134423988 7.939999999999919
0.09632796301148473 248.0502134423988 7.959999999999918
0.09610575368164063 248.0502134423988 7.979999999999918
0.09588222465640996 248.0502134423988 7.999999999999917
0.09565736270615401 248.0502134423988 8.019999999999918
0.09543115289504217 248.0502134423988 8.039999999999917
0.0952035795768386 248.0502134423988 8.059999999999917
0.09497462710078741 248.0502134423988 8.079999999999917
0.09474428039061956 248.0502134423988 8.099999999999916
0.09451252563519129 248.0502134423988 8.119999999999916
0.09427935141860576 248.0502134423988 8.139999999999915
0.09404475016925762 248.0502134423988 8.159999999999915
0.09380871940393558 248.0502134423988 8.179999999999914
0.0935712621506252 248.0502134423988 8.199999999999914
0.09333238651433724 248.0502134423988 8.219999999999914
0.09309210528395205 248.0502134423988 8.239999999999913
0.09285043755624015 248.0502134423988 8.259999999999913
0.09260741351317468 248.0502134423988 8.279999999999912
0.09236308121561003 248.0502134423988 8.299999999999912
0.09211751406485856 248.0502134423988 8.319999999999911
0.09187082019453419 248.0502134423988 8.339999999999911
0.09162314935641351 248.0502134423988 8.359999999999911
0.09137468565042445 248.0502134423988 8.37999999999991
0.09112562868293432 248.0502134423988 8.39999999999991
0.09087618192815228 248.0502134423988 8.419999999999909
0.09062655244212403 248.0502134423988 8.439999999999909
0.09037694107524288 248.0502134423988 8.459999999999908
0.09012751731244517 248.0502134423988 8.479999999999908
0.08987840621408191 248.0502134423988 8.499999999999908
0.08962970012306409 248.0502134423988 8.519999999999907
0.0893814761074697 248.0502134423988 8.539999999999907
0.08913380471028201 248.0502134423988 8.559999999999906
0.08888675560946538 248.0502134423988 8.579999999999906
0.0886404001892641 248.0502134423988 8.599999999999905
0.08839480525154887 248.0502134423988 8.619999999999905
0.08815002840218665 248.0502134423988 8.639999999999905
0.08790612355069508 248.0502134423988 8.659999999999904
0.0876631417429917 248.0502134423988 8.679999999999904
0.08742112234868683 248.0502134423988 8.699999999999903
0.08718008643151448 248.0502134423988 8.719999999999903
0.08694003972526364 248.0502134423988 8.739999999999903
0.0867009784406747 248.0502134423988 8.759999999999902
0.08646289224184348 248.0502134423988 8.779999999999902
0.08622576743753864 248.0502134423988 8.799999999999901
0.08598958870414347 248.0502134423988 8.819999999999901
0.0857543397571624 248.0502134423988 8.8399999999999
0.08552000502870939 248.0502134423988 8.8599999999999
0.08528657102083134 248.0502134423988 8.8799999999999
0.08505402509943005 248.0502134423988 8.899999999999899
0.08482235352119881 248.0502134423988 8.919999999999899
0.08459154083243876 248.0502134423988 8.939999999999898
0.08436157013757699 248.0502134423988 8.959999999999898
0.08413242335883704 248.0502134423988 8.979999999999897
0.08390407943724357 248.0502134423988 8.999999999999897
0.08367651405167725 248.0502134423988 9.019999999999897
0.08344970144352287 248.0502134423988 9.039999999999896
0.08322361605695457 248.0502134423988 9.059999999999896
0.08299823369552933 248.0502134423988 9.079999999999895
0.08277353155205883 248.0502134423988 9.099999999999895
0.08254948882184483 248.0502134423988 9.119999999999894
0.08232608692123064 248.0502134423988 9.139999999999894
0.08210330926683677 248.0502134423988 9.159999999999894
0.08188114063533151 248.0502134423988 9.179999999999893
0.08165956627759002 248.0502134423988 9.199999999999893
0.0814385707121229 248.0502134423988 9.219999999999892
0.08121813713929799 248.0502134423988 9.239999999999892
0.08099824745345161 248.0502134423988 9.259999999999891
0.08077888175164177 248.0502134423988 9.279999999999891
0.08056001764565218 248.0502134423988 9.299999999999891
0.08034162981692634 248.0502134423988 9.31999999999989
0.08012368962586364 248.0502134423988 9.33999999999989
0.07990616487103393 248.0502134423988 9.359999999999889
0.07968902014866633 248.0502134423988 9.379999999999889
0.07947221764682572 248.0502134423988 9.399999999999888
0.07925571795986605 248.0502134423988 9.419999999999888
0.07903948080484419 248.0502134423988 9.439999999999888
0.07882346540923961 248.0502134423988 9.459999999999887
0.07860763062847155 248.0502134423988 9.479999999999887
0.07839193550398099 248.0502134423988 9.499999999999886
0.07817634076406896 248.0502134423988 9.519999999999886
0.07796081019635616 248.0502134423988 9.539999999999885
0.07774531077697071 248.0502134423988 9.559999999999885
0.07752981191266324 248.0502134423988 9.579999999999885
0.07731428491620852 248.0502134423988 9.599999999999884
0.07709870307091563 248.0502134423988 9.619999999999884
0.07688304218621038 248.0502134423988 9.639999999999883
0.07666728108125627 248.0502134423988 9.659999999999883
0.07645140164202374 248.0502134423988 9.679999999999882
0.07623538856450009 248.0502134423988 9.699999999999882
0.076019229122835 248.0502134423988 9.719999999999882
0.07580291298707681 248.0502134423988 9.739999999999881
0.07558643225103784 248.0502134423988 9.759999999999881
0.07536978164750911 248.0502134423988 9.77999999999988
0.07515295845201987 248.0502134423988 9.79999999999988
0.07493596171408592 248.0502134423988 9.819999999999879
0.07471879111481136 248.0502134423988 9.839999999999879
0.07450144617268158 248.0502134423988 9.859999999999879
0.07428392632163891 248.0502134423988 9.879999999999878
0.07406623134788128 248.0502134423988 9.899999999999878
0.07384836149394029 248.0502134423988 9.919999999999877
0.07363031751332068 248.0502134423988 9.939999999999877
0.07341210091186141 248.0502134423988 9.959999999999877
0.07319371432556521 248.0502134423988 9.979999999999876
0.07297516198496214 248.0502134423988 9.999999999999876
0.07275645017501883 248.0502134423988 10.01999999999988
0.07253758771174 248.0502134423988 10.03999999999987
0.0723185865090491 248.0502134423988 10.05999999999987
0.07209946201887868 248.0502134423988 10.07999999999987
0.07188023340680307 248.0502134423988 10.09999999999987
0.0716609237801461 248.0502134423988 10.11999999999987
0.07144156014100085 248.0502134423988 10.13999999999987
0.07122217297284825 248.0502134423988 10.15999999999987
0.07100279559834037 248.0502134423988 10.17999999999987
0.07078346334424503 248.0502134423988 10.19999999999987
0.07056421253041077 248.0502134423988 10.21999999999987
0.07034507934694029 248.0502134423988 10.23999999999987
0.07012609901972208 248.0502134423988 10.25999999999987
0.06990730522085577 248.0502134423988 10.27999999999987
0.06968872988156613 248.0502134423988 10.29999999999987
0.06947040359684151 248.0502134423988 10.31999999999987
0.06925235612929508 248.0502134423988 10.33999999999987
0.06903461652128386 248.0502134423988 10.35999999999987
0.06881721355459662 248.0502134423988 10.37999999999987
0.06860017609719905 248.0502134423988 10.39999999999987
0.06838353336888588 248.0502134423988 10.41999999999987
0.06816731469679953 248.0502134423988 10.43999999999987
0.06795154909771578 248.0502134423988 10.45999999999987
0.06773626469856479 248.0502134423988 10.47999999999987
0.06752148820910132 248.0502134423988 10.49999999999986
0.06730724428871276 248.0502134423988 10.51999999999986
0.06709355525787591 248.0502134423988 10.53999999999986
0.0668804403692064 248.0502134423988 10.55999999999986
0.06666791532396374 248.0502134423988 10.57999999999986
0.06645599216732651 248.0502134423988 10.59999999999986
0.06624467928619654 248.0502134423988 10.61999999999986
0.06603398167334817 248.0502134423988 10.63999999999986
0.06582390139803604 248.0502134423988 10.65999999999986
0.06561443787042492 248.0502134423988 10.67999999999986
0.06540558825924674 248.0502134423988 10.69999999999986
0.06519734776694439 248.0502134423988 10.71999999999986
0.06498971027839563 248.0502134423988 10.73999999999986
0.06478266910826552 248.0502134423988 10.75999999999986
0.06457621748487523 248.0502134423988 10.77999999999986
0.06437034883320789 248.0502134423988 10.79999999999986
0.06416505717735485 248.0502134423988 10.81999999999986
0.06396033758849934 248.0502134423988 10.83999999999986
0.06375618655098422 248.0502134423988 10.85999999999986
0.06355260217508489 248.0502134423988 10.87999999999986
0.06334958411322074 248.0502134423988 10.89999999999986
0.0631471331610623 248.0502134423988 10.91999999999986
0.06294525118418112 248.0502134423988 10.93999999999986
0.06274394140194174 248.0502134423988 10.95999999999986
0.06254320821449318 248.0502134423988 10.97999999999985
0.06234305664606356 248.0502134423988 10.99999999999985
0.06214349224418722 248.0502134423988 11.01999999999985
0.06194452138331484 248.0502134423988 11.03999999999985
0.06174615153381401 248.0502134423988 11.05999999999985
0.06154839086883924 248.0502134423988 11.07999999999985
0.06135124771474285 248.0502134423988 11.09999999999985
0.06115473089608697 248.0502134423988 11.11999999999985
0.06095885081442903 248.0502134423988 11.13999999999985
0.06076362035729147 248.0502134423988 11.15999999999985
0.06056905495947849 248.0502134423988 11.17999999999985
0.06037517242891745 248.0502134423988 11.19999999999985
0.06018199353991617 248.0502134423988 11.21999999999985
0.05998954248876023 248.0502134423988 11.23999999999985
0.05979784593466085 248.0502134423988 11.25999999999985
0.05960693140279741 248.0502134423988 11.27999999999985
0.05941682647162239 248.0502134423988 11.29999999999985
0.05922755883312438 248.0502134423988 11.31999999999985
0.05903915605134768 248.0502134423988 11.33999999999985
0.05885164479652808 248.0502134423988 11.35999999999985
0.05866505032044687 248.0502134423988 11.37999999999985
0.0584793964484848 248.0502134423988 11.39999999999985
0.05829470592164285 248.0502134423988 11.41999999999985
0.0581110005479147 248.0502134423988 11.43999999999984
0.05792830054250996 248.0502134423988 11.45999999999984
0.05774662368622396 248.0502134423988 11.47999999999984
0.05756598472426685 248.0502134423988 11.49999999999984
0.05738639532863508 248.0502134423988 11.51999999999984
0.05720786411939645 248.0502134423988 11.53999999999984
0.0570303966201448 248.0502134423988 11.55999999999984
0.05685399535349196 248.0502134423988 11.57999999999984
0.05667865999680866 248.0502134423988 11.59999999999984
0.05650438744376188 248.0502134423988 11.61999999999984
0.05633117179030626 248.0502134423988 11.63999999999984
0.05615900442885479 248.0502134423988 11.65999999999984
0.05598787438507917 248.0502134423988 11.67999999999984
0.05581776882455436 248.0502134423988 11.69999999999984
0.05564867336186051 248.0502134423988 11.71999999999984
0.05548057200936091 248.0502134423988 11.73999999999984
0.05531344711271543 248.0502134423988 11.75999999999984
0.05514727953144402 248.0502134423988 11.77999999999984
0.05498204913863528 248.0502134423988 11.79999999999984
0.05481773532884815 248.0502134423988 11.81999999999984
0.05465431737459843 248.0502134423988 11.83999999999984
0.05449177472025962 248.0502134423988 11.85999999999984
0.05433008707569674 248.0502134423988 11.87999999999984
0.05416923440220504 248.0502134423988 11.89999999999984
0.05400919698457718 248.0502134423988 11.91999999999983
0.05384995558369151 248.0502134423988 11.93999999999983
0.05369149158493468 248.0502134423988 11.95999999999983
0.05353378708620864 248.0502134423988 11.97999999999983
0.05337682493504489 248.0502134423988 11.99999999999983
0.05322058873188019 248.0502134423988 12.01999999999983
0.05306506276504325 248.0502134423988 12.03999999999983
0.05291023191037882 248.0502134423988 12.05999999999983
0.05275608156305425 248.0502134423988 12.07999999999983
0.05260259766347686 248.0502134423988 12.09999999999983
0.05244976677615957 248.0502134423988 12.11999999999983
0.05229757615069869 248.0502134423988 12.13999999999983
0.05214601377577943 248.0502134423988 12.15999999999983
0.05199506850110013 248.0502134423988 12.17999999999983
0.05184473018048383 248.0502134423988 12.19999999999983
0.0516949897357559 248.0502134423988 12.21999999999983
0.05154583914477653 248.0502134423988 12.23999999999983
0.05139727141136213 248.0502134423988 12.25999999999983
0.05124928050468005 248.0502134423988 12.27999999999983
0.05110186120572271 248.0502134423988 12.29999999999983
0.05095500890814034 248.0502134423988 12.31999999999983
0.05080871943133807 248.0502134423988 12.33999999999983
0.05066298886019827 248.0502134423988 12.35999999999983
0.05051781341529973 248.0502134423988 12.37999999999982
0.0503731893557112 248.0502134423988 12.39999999999982
0.05022911294132524 248.0502134423988 12.41999999999982
0.0500855804425263 248.0502134423988 12.43999999999982
0.04994258814010354 248.0502134423988 12.45999999999982
0.04980013232727297 248.0502134423988 12.47999999999982
0.04965820934175565 248.0502134423988 12.49999999999982
0.04951681559506135 248.0502134423988 12.51999999999982
0.04937594753361711 248.0502134423988 12.53999999999982
0.04923560157371248 248.0502134423988 12.55999999999982
0.04909577405440605 248.0502134423988 12.57999999999982
0.04895646116514185 248.0502134423988 12.59999999999982
0.04881765888662695 248.0502134423988 12.61999999999982
0.04867936296403474 248.0502134423988 12.63999999999982
0.0485415688907079 248.0502134423988 12.65999999999982
0.0484042719310967 248.0502134423988 12.67999999999982
0.04826746714705365 248.0502134423988 12.69999999999982
0.04813114947414609 248.0502134423988 12.71999999999982
0.04799531375777168 248.0502134423988 12.73999999999982
0.04785995476610887 248.0502134423988 12.75999999999982
0.04772506719699957 248.0502134423988 12.77999999999982
0.04759064563733889 248.0502134423988 12.79999999999982
0.04745668457117398 248.0502134423988 12.81999999999982
0.04732317831124842 248.0502134423988 12.83999999999982
0.04719012098999235 248.0502134423988 12.85999999999981
0.04705750653679628 248.0502134423988 12.87999999999981
0.04692532868790356 248.0502134423988 12.89999999999981
0.04679358103605203 248.0502134423988 12.91999999999981
0.04666225709735495 248.0502134423988 12.93999999999981
0.04653135039756075 248.0502134423988 12.95999999999981
0.04640085454444386 248.0502134423988 12.97999999999981
0.04627076328077773 248.0502134423988 12.99999999999981
0.04614107053168202 248.0502134423988 13.01999999999981
0.04601177046478058 248.0502134423988 13.03999999999981
0.04588285755245274 248.0502134423988 13.05999999999981
0.04575432666830827 248.0502134423988 13.07999999999981
0.04562617314527215 248.0502134423988 13.09999999999981
0.04549839280925545 248.0502134423988 13.11999999999981
0.04537098200500132 248.0502134423988 13.13999999999981
0.045243937613605 248.0502134423988 13.15999999999981
0.04511725707056952 248.0502134423988 13.17999999999981
0.04499093837269968 248.0502134423988 13.19999999999981
0.04486498004907633 248.0502134423988 13.21999999999981
0.04473938110979631 248.0502134423988 13.23999999999981
0.04461414097804831 248.0502134423988 13.25999999999981
0.04448925942104059 248.0502134423988 13.27999999999981
0.04436473648415352 248.0502134423988 13.29999999999981
0.04424057242171146 248.0502134423988 13.3199999999998
0.04411676761850928 248.0502134423988 13.3399999999998
0.04399332249175429 248.0502134423988 13.3599999999998
0.043870237370485 248.0502134423988 13.3799999999998
0.04374751236609778 248.0502134423988 13.3999999999998
0.04362514725023753 248.0502134423988 13.4199999999998
0.04350314136186569 248.0502134423988 13.4399999999998
0.04338149355902213 248.0502134423988 13.4599999999998
0.04326020221360923 248.0502134423988 13.4799999999998
0.04313926524500034 248.0502134423988 13.4999999999998
0.04301868019328765 248.0502134423988 13.5199999999998
0.04289844433104978 248.0502134423988 13.5399999999998
0.04277855480303996 248.0502134423988 13.5599999999998
0.04265900877774888 248.0502134423988 13.5799999999998
0.0425398036062721 248.0502134423988 13.5999999999998
0.04242093698982789 248.0502134423988 13.6199999999998
0.04230240715083739 248.0502134423988 13.6399999999998
0.04218421299433468 248.0502134423988 13.6599999999998
0.04206635425337438 248.0502134423988 13.6799999999998
0.04194883159662752 248.0502134423988 13.6999999999998
0.04183164668234575 248.0502134423988 13.7199999999998
0.04171480216280113 248.0502134423988 13.7399999999998
0.04159830164162334 248.0502134423988 13.7599999999998
0.04148214958859266 248.0502134423988 13.7799999999998
0.04136635122536873 248.0502134423988 13.79999999999979
0.04125091239412486 248.0502134423988 13.81999999999979
0.04113583941887727 248.0502134423988 13.83999999999979
0.0410211389754018 248.0502134423988 13.85999999999979
0.04090681797846663 248.0502134423988 13.87999999999979
0.04079288348807751 248.0502134423988 13.89999999999979
0.04067934263938069 248.0502134423988 13.91999999999979
0.04056620259817553 248.0502134423988 13.93999999999979
0.04045347053373767 248.0502134423988 13.95999999999979
0.04034115360017494 248.0502134423988 13.97999999999979
0.04022925892015576 248.0502134423988 13.99999999999979
0.04011779355954673 248.0502134423988 14.01999999999979
0.04000676448511542 248.0502134423988 14.03999999999979
0.03989617851711879 248.0502134423988 14.05999999999979
0.03978604228511317 248.0502134423988 14.07999999999979
0.03967636218627824 248.0502134423988 14.09999999999979
0.03956714434454973 248.0502134423988 14.11999999999979
0.03945839456563602 248.0502134423988 14.13999999999979
0.0393501182822738 248.0502134423988 14.15999999999979
0.03924232048901567 248.0502134423988 14.17999999999979
0.03913500568105809 248.0502134423988 14.19999999999979
0.03902817780330137 248.0502134423988 14.21999999999979
0.03892184020963795 248.0502134423988 14.23999999999979
0.03881599563798881 248.0502134423988 14.25999999999978
0.03871064619941064 248.0502134423988 14.27999999999978
0.03860579337888621 248.0502134423988 14.29999999999978
0.03850143805358756 248.0502134423988 14.31999999999978
0.03839758053561635 248.0502134423988 14.33999999999978
0.03829422063749915 248.0502134423988 14.35999999999978
0.03819135774926227 248.0502134423988 14.37999999999978
0.03808899091344982 248.0502134423988 14.39999999999978
0.03798711888923408 248.0502134423988 14.41999999999978
0.0378857401971083 248.0502134423988 14.43999999999978
0.0377848531417851 248.0502134423988 14.45999999999978
0.03768445581216491 248.0502134423988 14.47999999999978
0.03758454605968801 248.0502134423988 14.49999999999978
0.03748512145878162 248.0502134423988 14.51999999999978
0.03738617925601402 248.0502134423988 14.53999999999978
0.03728771631914879 248.0502134423988 14.55999999999978
0.03718972909530892 248.0502134423988 14.57999999999978
0.03709221358707714 248.0502134423988 14.59999999999978
0.03699516535280659 248.0502134423988 14.61999999999978
0.03689857953506113 248.0502134423988 14.63999999999978
0.03680245091597085 248.0502134423988 14.65999999999978
0.03670677398404032 248.0502134423988 14.67999999999978
0.03661154299668837 248.0502134423988 14.69999999999978
0.03651675203239212 248.0502134423988 14.71999999999978
0.03642239503379176 248.0502134423988 14.73999999999977
0.03632846584580166 248.0502134423988 14.75999999999977
0.03623495825521717 248.0502134423988 14.77999999999977
0.03614186603410036 248.0502134423988 14.79999999999977
0.03604918298907395 248.0502134423988 14.81999999999977
0.03595690301981559 248.0502134423988 14.83999999999977
0.03586502018544344 248.0502134423988 14.85999999999977
0.03577352876924432 248.0502134423988 14.87999999999977
0.03568242333230544 248.0502134423988 14.89999999999977
0.03559169874799316 248.0502134423988 14.91999999999977
0.03550135021078656 248.0502134423988 14.93999999999977
0.03541137321927821 248.0502134423988 14.95999999999977
0.03532176354014089 248.0502134423988 14.97999999999977
0.03523251716919977 248.0502134423988 14.99999999999977
0.03514363030711423 248.0502134423988 15.01999999999977
0.03505509936342401 248.0502134423988 15.03999999999977
0.0349669209919422 248.0502134423988 15.05999999999977
0.03487909214456707 248.0502134423988 15.07999999999977
0.034791610118584 248.0502134423988 15.09999999999977
0.03470447257491992 248.0502134423988 15.11999999999977
0.03461767751572281 248.0502134423988 15.13999999999977
0.0345312232252921 248.0502134423988 15.15999999999977
0.03444510819222429 248.0502134423988 15.17999999999977
0.03435933103408385 248.0502134423988 15.19999999999976
0.03427389044251614 248.0502134423988 15.21999999999976
0.03418878516221045 248.0502134423988 15.23999999999976
0.03410401400479907 248.0502134423988 15.25999999999976
0.03401957588258193 248.0502134423988 15.27999999999976
0.03393546984491528 248.0502134423988 15.29999999999976
0.03385169510728466 248.0502134423988 15.31999999999976
0.03376825106143552 248.0502134423988 15.33999999999976
0.03368513726880526 248.0502134423988 15.35999999999976
0.03360235344347782 248.0502134423988 15.37999999999976
0.03351989942728806 248.0502134423988 15.39999999999976
0.03343777516500598 248.0502134423988 15.41999999999976
0.03335598068611322 248.0502134423988 15.43999999999976
0.03327451608709731 248.0502134423988 15.45999999999976
0.03319338150196664 248.0502134423988 15.47999999999976
0.0331125770658854 248.0502134423988 15.49999999999976
0.03303210288696522 248.0502134423988 15.51999999999976
0.03295195903138825 248.0502134423988 15.53999999999976
0.03287214550907814 248.0502134423988 15.55999999999976
0.03279266225899467 248.0502134423988 15.57999999999976
0.03271350914131219 248.0502134423988 15.59999999999976
0.03263468593793199 248.0502134423988 15.61999999999976
0.03255619235556594 248.0502134423988 15.63999999999976
0.0324780280201473 248.0502134423988 15.65999999999976
0.03240019245941277 248.0502134423988 15.67999999999975
0.03232268508769548 248.0502134423988 15.69999999999975
0.03224550520688996 248.0502134423988 15.71999999999975
0.03216865201787939 248.0502134423988 15.73999999999975
0.03209212463077937 248.0502134423988 15.75999999999975
0.03201592207451042 248.0502134423988 15.77999999999975
0.03194004331067468 248.0502134423988 15.79999999999975
0.03186448724978531 248.0502134423988 15.81999999999975
0.03178925276227297 248.0502134423988 15.83999999999975
0.03171433867830221 248.0502134423988 15.85999999999975
0.03163974378361463 248.0502134423988 15.87999999999975
0.03156546682074982 248.0502134423988 15.89999999999975
0.03149150649751303 248.0502134423988 15.91999999999975
0.03141786149647564 248.0502134423988 15.93999999999975
0.03134453047828337 248.0502134423988 15.95999999999975
0.03127151207959954 248.0502134423988 15.97999999999975
0.03119880491179544 248.0502134423988 15.99999999999975
0.03112640756334236 248.0502134423988 16.01999999999975
0.03105431859814169 248.0502134423988 16.03999999999975
0.0309825365517596 248.0502134423988 16.05999999999975
0.03091105993073882 248.0502134423988 16.07999999999975
0.03083988721543606 248.0502134423988 16.09999999999975
0.03076901686314453 248.0502134423988 16.11999999999975
0.03069844730643078 248.0502134423988 16.13999999999974
0.03062817694782471 248.0502134423988 16.15999999999974
0.03055820415470677 248.0502134423988 16.17999999999974
0.03048852725519465 248.0502134423988 16.19999999999974
0.03041914453588277 248.0502134423988 16.21999999999974
0.03035005424232077 248.0502134423988 16.23999999999974
0.03028125458129161 248.0502134423988 16.25999999999974
0.03021274372354393 248.0502134423988 16.27999999999974
0.0301445198062349 248.0502134423988 16.29999999999974
0.03007658093445193 248.0502134423988 16.31999999999974
0.03000892518190084 248.0502134423988 16.33999999999974
0.02994155059095271 248.0502134423988 16.35999999999974
0.02987445517303822 248.0502134423988 16.37999999999974
0.02980763691050241 248.0502134423988 16.39999999999974
0.02974109376095055 248.0502134423988 16.41999999999974
0.02967482366443545 248.0502134423988 16.43999999999974
0.02960882455201631 248.0502134423988 16.45999999999974
0.02954309435335848 248.0502134423988 16.47999999999974
0.02947763100203755 248.0502134423988 16.49999999999974
0.0294124324395895 248.0502134423988 16.51999999999974
0.02934749661964995 248.0502134423988 16.53999999999974
0.0292828215126365 248.0502134423988 16.55999999999974
0.02921840510991901 248.0502134423988 16.57999999999974
0.02915424542684652 248.0502134423988 16.59999999999973
0.02909034050532405 248.0502134423988 16.61999999999973
0.02902668841791329 248.0502134423988 16.63999999999973
0.028963287272924 248.0502134423988 16.65999999999973
0.02890013521862039 248.0502134423988 16.67999999999973
0.02883723044458821 248.0502134423988 16.69999999999973
0.02877457118061861 248.0502134423988 16.71999999999973
0.02871215569558049 248.0502134423988 16.73999999999973
0.0286499822979283 248.0502134423988 16.75999999999973
0.02858804933727229 248.0502134423988 16.77999999999973
0.02852635520523029 248.0502134423988 16.79999999999973
0.02846489833489144 248.0502134423988 16.81999999999973
0.02840367719978335 248.0502134423988 16.83999999999973
0.02834269031322192 248.0502134423988 16.85999999999973
0.02828193622758451 248.0502134423988 16.87999999999973
0.02822141353120419 248.0502134423988 16.89999999999973
0.02816112084276857 248.0502134423988 16.91999999999973
0.02810105680607218 248.0502134423988 16.93999999999973
0.02804122008640767 248.0502134423988 16.95999999999973
0.02798160936789884 248.0502134423988 16.97999999999973
0.02792222335210128 248.0502134423988 16.99999999999973
0.0278630607570861 248.0502134423988 17.01999999999973
0.02780412031504493 248.0502134423988 17.03999999999973
0.02774540076912894 248.0502134423988 17.05999999999973
0.0276869008707805 248.0502134423988 17.07999999999972
0.0276286193771604 248.0502134423988 17.09999999999972
0.02757055504694001 248.0502134423988 17.11999999999972
0.02751270663740312 248.0502134423988 17.13999999999972
0.02745507290450137 248.0502134423988 17.15999999999972
0.02739765260498398 248.0502134423988 17.17999999999972
0.02734044449603356 248.0502134423988 17.19999999999972
0.02728344733588082 248.0502134423988 17.21999999999972
0.02722665988520586 248.0502134423988 17.23999999999972
0.0271700809048258 248.0502134423988 17.25999999999972
0.02711370915568525 248.0502134423988 17.27999999999972
0.02705754340298769 248.0502134423988 17.29999999999972
0.02700158241887282 248.0502134423988 17.31999999999972
0.02694582498202552 248.0502134423988 17.33999999999972
0.02689026987947828 248.0502134423988 17.35999999999972
0.02683491590732879 248.0502134423988 17.37999999999972
0.02677976186709578 248.0502134423988 17.39999999999972
0.02672480656597349 248.0502134423988 17.41999999999972
0.02667004881966608 248.0502134423988 17.43999999999972
0.02661548745356296 248.0502134423988 17.45999999999972
0.02656112130331062 248.0502134423988 17.47999999999972
0.02650694921807389 248.0502134423988 17.49999999999972
0.02645297005878883 248.0502134423988 17.51999999999972
0.02639918269571983 248.0502134423988 17.53999999999971
0.02634558600946526 248.0502134423988 17.55999999999971
0.0262921788917604 248.0502134423988 17.57999999999971
0.0262389602445748 248.0502134423988 17.59999999999971
0.02618592898042356 248.0502134423988 17.61999999999971
0.02613308402176005 248.0502134423988 17.63999999999971
0.02608042429868291 248.0502134423988 17.65999999999971
0.02602794874833579 248.0502134423988 17.67999999999971
0.02597565631500269 248.0502134423988 17.69999999999971
0.02592354594838694 248.0502134423988 17.71999999999971
0.02587161660183469 248.0502134423988 17.73999999999971
0.0258198672311829 248.0502134423988 17.75999999999971
0.02576829679317507 248.0502134423988 17.77999999999971
0.0257169042448913 248.0502134423988 17.79999999999971
0.02566568854343061 248.0502134423988 17.81999999999971
0.02561464864497197 248.0502134423988 17.83999999999971
0.02556378350391097 248.0502134423988 17.85999999999971
0.02551309207179851 248.0502134423988 17.87999999999971
0.02546257329723519 248.0502134423988 17.89999999999971
0.02541222612569205 248.0502134423988 17.91999999999971
0.02536204949884123 248.0502134423988 17.93999999999971
0.02531204235463307 248.0502134423988 17.95999999999971
0.02526220362640827 248.0502134423988 17.97999999999971
0.02521253224300779 248.0502134423988 17.99999999999971
0.02516302712981085 248.0502134423988 18.0199999999997
0.02511368721049414 248.0502134423988 18.0399999999997
0.0250645114088103 248.0502134423988 18.0599999999997
0.02501549864896658 248.0502134423988 18.0799999999997
0.02496664785594207 248.0502134423988 18.0999999999997
0.02491795795575454 248.0502134423988 18.1199999999997
0.02486942787648747 248.0502134423988 18.1399999999997
0.02482105654990138 248.0502134423988 18.1599999999997
0.02477284291227769 248.0502134423988 18.1799999999997
0.02472478590459156 248.0502134423988 18.1999999999997
0.02467688447312498 248.0502134423988 18.2199999999997
0.02462913757034354 248.0502134423988 18.2399999999997
0.02458154415640671 248.0502134423988 18.2599999999997
0.02453410320031736 248.0502134423988 18.2799999999997
0.02448681367992096 248.0502134423988 18.2999999999997
0.02443967458172113 248.0502134423988 18.3199999999997
0.02439268490103427 248.0502134423988 18.3399999999997
0.02434584364210912 248.0502134423988 18.3599999999997
0.02429914981846436 248.0502134423988 18.3799999999997
0.0242526024530051 248.0502134423988 18.3999999999997
0.02420620057775177 248.0502134423988 18.4199999999997
0.02415994323388206 248.0502134423988 18.4399999999997
0.02411382947181759 248.0502134423988 18.4599999999997
0.02406785835145996 248.0502134423988 18.47999999999969
0.02402202894259876 248.0502134423988 18.49999999999969
0.02397634032483032 248.0502134423988 18.51999999999969
0.02393079158725362 248.0502134423988 18.53999999999969
0.02388538182826633 248.0502134423988 18.55999999999969
0.0238401101552318 248.0502134423988 18.57999999999969
0.0237949756845062 248.0502134423988 18.59999999999969
0.02374997754125026 248.0502134423988 18.61999999999969
0.02370511485916801 248.0502134423988 18.63999999999969
0.0236603867805673 248.0502134423988 18.65999999999969
0.02361579245657814 248.0502134423988 18.67999999999969
0.02357133104746792 248.0502134423988 18.69999999999969
0.02352700172273772 248.0502134423988 18.71999999999969
0.02348280366106206 248.0502134423988 18.73999999999969
0.02343873605019786 248.0502134423988 18.75999999999969
0.02339479808709683 248.0502134423988 18.77999999999969
0.02335098897830978 248.0502134423988 18.79999999999969
0.02330730794006667 248.0502134423988 18.81999999999969
0.02326375419819439 248.0502134423988 18.83999999999969
0.02322032698801684 248.0502134423988 18.85999999999969
0.02317702555448543 248.0502134423988 18.87999999999969
0.0231338491523427 248.0502134423988 18.89999999999969
0.02309079704618857 248.0502134423988 18.91999999999969
0.0230478685103656 248.0502134423988 18.93999999999969
0.02300506282892524 248.0502134423988 18.95999999999968
0.02296237929567232 248.0502134423988 18.97999999999968
0.02291981721415325 248.0502134423988 18.99999999999968
0.02287737589762035 248.0502134423988 19.01999999999968
0.02283505466895978 248.0502134423988 19.03999999999968
0.02279285286072914 248.0502134423988 19.05999999999968
0.02275076981516544 248.0502134423988 19.07999999999968
0.02270880488427029 248.0502134423988 19.09999999999968
0.02266695742968455 248.0502134423988 19.11999999999968
0.02262522682247676 248.0502134423988 19.13999999999968
0.02258361244304495 248.0502134423988 19.15999999999968
0.02254211368102708 248.0502134423988 19.17999999999968
0.0225007299353168 248.0502134423988 19.19999999999968
0.02245946061406699 248.0502134423988 19.21999999999968
0.02241830513488393 248.0502134423988 19.23999999999968
0.02237726292511033 248.0502134423988 19.25999999999968
0.02233633342197378 248.0502134423988 19.27999999999968
0.02229551607266508 248.0502134423988 19.29999999999968
0.0222548103345408 248.0502134423988 19.31999999999968
0.02221421567543663 248.0502134423988 19.33999999999968
0.02217373157393352 248.0502134423988 19.35999999999968
0.02213335751951907 248.0502134423988 19.37999999999968
0.02209309301289417 248.0502134423988 19.39999999999968
0.02205293756634799 248.0502134423988 19.41999999999967
0.02201289070411386 248.0502134423988 19.43999999999967
0.02197295196270832 248.0502134423988 19.45999999999967
0.02193312089120645 248.0502134423988 19.47999999999967
0.0218933970515159 248.0502134423988 19.49999999999967
0.02185378001854123 248.0502134423988 19.51999999999967
0.02181426938035578 248.0502134423988 19.53999999999967
0.02177486473840856 248.0502134423988 19.55999999999967
0.0217355657076319 248.0502134423988 19.57999999999967
0.02169637191641643 248.0502134423988 19.59999999999967
0.02165728300659578 248.0502134423988 19.61999999999967
0.02161829863338138 248.0502134423988 19.63999999999967
0.02157941846520994 248.0502134423988 19.65999999999967
0.02154064218348499 248.0502134423988 19.67999999999967
0.02150196948224556 248.0502134423988 19.69999999999967
0.02146340006776814 248.0502134423988 19.71999999999967
0.02142493365812322 248.0502134423988 19.73999999999967
0.02138656998265907 248.0502134423988 19.75999999999967
0.02134830878142118 248.0502134423988 19.77999999999967
0.02131014980443651 248.0502134423988 19.79999999999967
0.02127209281091062 248.0502134423988 19.81999999999967
0.02123413756834144 248.0502134423988 19.83999999999967
0.02119628385166854 248.0502134423988 19.85999999999967
0.02115853144251665 248.0502134423988 19.87999999999967
0.02112088012837851 248.0502134423988 19.89999999999966
0.02108332970160723 248.0502134423988 19.91999999999966
0.02104587995830621 248.0502134423988 19.93999999999966
0.02100853069717426 248.0502134423988 19.95999999999966
0.02097128171818649 248.0502134423988 19.97999999999966
0.02093413282121141 248.0502134423988 19.99999999999966
0.02089708380496133 248.0502134423988 20.01999999999966
